21110010
10101003
1102002
103000020
21110001
10011201
40002
1230
2004
111000201
200102001
210000003
100030200
4110
200000130
20000010
101011110
201010011
10400100
11120010
11000031
110010
101211
311001000
32000100
30100020
110030010
101110110
1221
1000302
10011
1001301
1003110
101000013
10100013
101010012
21000012
30000003
122010000
20200110
111010011
100100100
112010100
20000031
112010010
110200002
30020100
111300
200001012
1110000
101101011
11013
1100112
222000000
110031000
100030011
101103000
200000013
1001310
100101
300100101
200030010
310001001
11101110
101101200
111000012
10102011
320000010
121110000
10012110
101002200
3002001
131100
11201010
1101201
213000000
101100000
102100002
2001111
101101002
1001013
1012101
130011000
11103
20001012
11110101
22001100
100230000
4010001
10102110
100021002
1101102
210100002
300000201
111000
102000102
100012020
11101011
11010102
20100210
100030002
20001210
21100002
103010001
2000040
220110
101000301
1000104
111200010
10131
111101001
10020201
100001040
11003010
10102020
11021010
130000011
12000300
21001110
102000210
1111101
20013
10130010
22200000
10201110
2040
2021001
13020
0
102300000
3030000
100002000
20000103
2001021
202200
10020012
120003000
40101000
210010002
2101011
300111000
20101101
2111100
102020001
140000010
200000220
21201000
1112100
11102100
1211010
20103000
200202000
200022000
104000010
1032000
1000320
3000102
100020201
10401
1010112
12100011
32000001
1140000
11040000
11010111
20001201
2211000
1310100
102012
10011021
13200
310000101
100110000
10000110
100000221
1001130
14000001
130101
111000120
10040010
100201002
10041000
300010110
1113000
11010000
201020010
102000012
102110001
1310001
1010202
1201002
310010001
1020000
1030002
13100010
1001103
42000
2120010
20011200
10012020
110012001
110400000
20011011
2200020
2000112
1001100
230000010
220011000
103000200
10310100
20001111
100000203
20001021
10032
1110021
1020021
40000002
101020110
102000201
20021001
20010012
1020012
400200000
110010300
10021110
10111002
100102110
11002101
1021020
1301001
12000003
30000120
100001112
100121100
110012010
2310
11001030
300000120
100101003
201020100
100110111
101130
10100031
2010120
212001000
201210000
200100111
210010200
210002010
101002002
1011120
231000
11200101
22011000
120010101
101011011
100010202
312
12001011
30011001
2010300
4100001
202002
12200001
1031001
11201100
31200000
104100000
20100111
202100100
2011200
101010102
100102200
10020102
12003000
103101000
20200200
400100010
20301
210200100
30010020
111010020
11301000
300210
11300100
1010004
11100120
110010111
1010130
2011101
30201
10102200
11102001
1100310
301011000
330000
210100020
200002101
100022100
101202000
120000111
10040100
101000100
113100000
211011000
10110300
110001210
1030200
12100200
13002
120200010
100000302
103200
300003000
10301100
200000001
101002101
401001
10100100
131001000
110040000
1000140
100320
101013
10100040
1002021
120110010
122100
201002100
101001012
103002
120210000
111100101
200011011
10021200
101020020
201102
13110
102200100
1210002
1311
110102001
1010013
310001100
30200001
110000202
101102100
112001001
420
102000003
200021100
40100010
101110002
100001121
101100
110120001
10010004
20000121
213
20001003
110000130
11110200
1110
100001010
101210010
1102020
302001000
400100100
1001211
23100
11010
100110021
102001110
110200110
100020300
20020020
20030010
300010002
103010010
112000101
20100000
1022100
101400
1101210
211002000
110022000
300020001
100000140
4002000
2100030
101000220
1220001
300100200
300000012
2000400
201101001
1102110
2010201
104010
10002021
110100000
20220000
100212000
1002003
100202100
13001010
130100001
101031000
102002010
2002002
201002001
2000100
12201
11000022
110002011
1101021
10112001
141000
20001030
1301010
201000012
213000
203000001
10020300
100120101
100021020
101100021
12110010
1200012
13010100
200100000
110202000
110110110
10011111
100220010
220011
111020001
10221
1012011
110100201
12001200
1030110
2020011
100311
101220
200021001
11003100
10100400
101000112
10320
220000002
130001100
3000000
21000300
10320000
41000100
1211100
1100121
20013000
10002000
210000102
1040100
11000211
10010031
23000001
100410000
12210
10212
300020010
100111011
101210100
11000202
112002000
200301000
101003100
10020
10110003
101111010
201000201
100301001
10002012
10111200
12002001
10001202
301020000
21000003
22000101
2000202
3000201
2120100
100120020
220001010
401000010
111200100
20100
1102200
113010
1101000
103200000
121200000
201000003
100000410
101200110
102011010
14000010
1011210
100011
10202001
210120000
110121000
11220
23001000
110020020
2020002
103001001
2110020
311010
11020011
1100013
210100101
1110030
10010103
12101100
100010040
20121
1401
21001011
100040100
100100013
2013
31002000
411
10011030
201000
300102
11002200
101022
100031100
20002002
300001011
10000302
311001
110010012
2100021
30111000
110010000
1120011
110220
31001001
20000310
1110003
10110111
201010101
11100
1111020
30000300
11130
100011111
2300010
202001001
221100
1021002
40000011
110000220
10000140
2300001
2000013
11100012
110300001
200110020
1120020
200200002
200002200
4020000
102020100
102020010
101020002
201000102
201210
302010000
20010003
10002030
110101002
103100001
2001030
100220001
111120
3021
10100202
10210020
100002021
201000300
110200200
100201110
10004010
20102010
321000
110103
310001010
10110030
2202000
2001210
20010
10200021
100020
321000000
122001000
110011110
20002020
111010200
2000031
100230
1400010
1102101
110022
110001300
20011101
100000014
2010003
101001120
301200
201030
400000011
113001000
10000131
11220000
2022000
2012010
40011000
1010100
21210
10120110
122010
11002002
10110210
200300100
120001101
21010200
120000300
111000003
3011100
20020200
21102000
10001040
110120100
101300010
11200020
11001000
101201001
310100100
300101010
100002300
110110011
200102100
1000014
100100211
10300200
100200111
100000041
210011001
10010220
10230
3001110
200112000
104000001
103100100
102000021
201011001
100110201
100001202
110201001
130000110
31000011
120010002
200001300
200000022
200012010
103020
141
100130010
10202100
220000110
212010000
10000230
10000032
1111110
130011
100100202
100203
210000300
10030101
100000020
2301000
2100003
3200001
100120002
100100121
10100130
3020001
24
10010040
100010004
120001110
202002000
200310000
110001030
300002001
210000210
100221000
21200001
410000100
200100003
200020011
121100001
1010040
10000023
3101010
113000001
110110101
1000041
2210001
20022000
30020001
100011003
200101011
11101002
11010201
10301001
21200010
22000020
30102000
110020110
201012000
100010031
2103
110310
100002012
211001001
21000102
123000000
141000000
200000040
1113
12110100
100100400
10311000
201102000
230000100
300010011
200110101
102003
1100040
221010000
220100010
21210000
31010001
111021000
101000010
1120101
200001030
100003011
300
20010102
11301
310020000
13000020
2030001
100101102
11000040
104010000
10301010
30000
111110010
101111100
2022
10001031
12010002
20130000
200000100
12120000
100001100
40110
3012
1100100
211000101
30100200
110000103
201001020
1020102
230100000
30011100
112200000
20021010
200110002
2110200
22020
1101003
2001102
40020
10120011
10021101
20010300
210010110
21010101
12100002
100100220
112200
20100021
30002001
20002110
100021200
1011102
201201
230001000
400001001
10004100
10000104
231
121010010
1021200
111002100
20400000
310100010
21120000
2120001
1012110
32001000
120102000
300020100
40100100
11021100
101201010
112100100
100020120
20211
100010013
31020000
110100030
202010010
100121010
100113
111201
1131
410001000
310011000
202000011
100020003
111
100130001
10210011
110004000
10003101
1200111
101020101
2010210
401010
11030001
12300000
300201000
110011200
200102010
3020010
102120
1002000
1220100
21003000
112000011
110011011
120003
1102011
2210010
400000110
201300000
2100111
100201101
11011101
130020000
210000012
10121100
101120100
20110110
2011011
111000210
1011021
311100000
40000110
114000
2310000
100100004
20010021
11003001
302000010
200220000
100032000
300001200
3003
110011020
103101
30030000
220000011
200120010
12000120
200030001
301100010
20101020
110001102
10110201
10101021
10100301
31000110
110200020
200010000
100003110
10101111
1003002
100010121
221100000
120001002
140001
12101001
130002000
200020110
30001101
120000210
200110011
2020110
200040
103110000
300300
202010001
102210
100012002
100010022
10001004
300002010
121001100
211000110
10410000
100401000
300101100
210100011
30021000
101013000
2210100
12003
10120020
10201011
200103000
10032000
201000120
41001
10001022
40010100
210210000
110300010
110210100
210020100
211100001
21010110
200112
211000200
31101000
10200030
130100010
220100001
100110300
100102002
42
11001012
102021
21020001
10220001
221000100
300002100
210001020
20110101
100002210
1010400
400002
120120000
202020
100041
111000021
30120000
100004100
30000102
41010000
120100101
20000301
200103
11100201
120010020
20020110
12210000
1011030
10120200
111000102
40000101
13002000
100302000
10001121
13011
100010112
12002100
1101012
300300000
120011010
20001300
200002002
100104000
20103
101100120
10210101
10201101
203000100
100010103
100000104
2121000
10122
210
101301
121020000
100011120
10011102
1210011
210201
30210
10023
3001101
2010102
11000010
30100110
1002111
2102100
200022
1032
1110201
220110000
101000202
2001120
110031
3003000
20030100
201101010
10112010
4000200
120000
31100010
2110101
100110
21300
100012101
110112
3201000
40000020
310000002
400010100
121000200
212000100
120201000
120010011
301010100
110201100
301110
1001001
13000200
102111000
120100110
20001000
1140
1401000
112000020
101010201
201
10020120
22000200
120101010
101020200
101000004
11000400
13000002
100000113
4011000
10100004
100031010
110111010
1110111
100000011
100200201
12000210
10022001
100301100
200001120
211010001
222
101001003
101002110
2101200
1003200
12000000
23000010
112101000
12011100
10020030
100004010
110000022
2101002
111002010
300000111
100000032
100400100
400020
11000004
131010000
1201110
201012
11040
11001120
22100001
400000101
3000300
30002100
11211000
40200
10010022
1200201
401000100
100003020
3020100
220002
310000110
10001400
10000101
100013001
320000001
202200000
100101300
10110000
101003010
112100001
11000130
10200300
101130000
301010010
201010002
120011001
1200003
102011001
102100020
12021
120011100
200010003
4000110
2111001
11400000
3010002
13100100
1212000
100100031
2102001
203100000
110003010
120000201
200000301
20102100
132000
11030010
301001100
1110300
10120002
1010310
1100103
120300000
20000130
200000010
41000010
10001130
12100101
1110210
10001112
301002
102000030
122000010
20020101
3120000
200100021
1013010
1021101
400011000
300200001
100000122
10021002
121000110
300111
20000112
10100112
1001022
120000003
400010001
100102011
200004
100110012
22010100
110002101
110000301
11111001
110010120
2220
101000022
111001110
110021100
21010002
101110011
101100201
13000110
11112000
22200
102201000
201001011
220020
120100002
30110010
101000031
112100010
31010100
112001100
1300110
230100
110400
10010112
22001010
3000111
101010
2202
12010200
1000101
201000030
301101000
110130000
20000400
201011010
2200002
2012100
21001101
110020200
110001111
31010010
4001010
4000011
2200011
210120
20010111
101030001
102001020
1000401
200100012
101021001
130101000
220101000
10200102
32010000
210021000
111100200
200100120
32001
30001011
200100102
100104
31101
20400
101031
1100010
211200000
10212000
1300002
21003
10011012
202011
13200000
103010100
112001010
200101200
1410
20120100
101010120
100100130
204
12200100
200121
120111000
110101020
10002120
3210000
101001102
200201001
211200
1103001
1110102
100100022
21111
11101020
121001001
12000012
100000110
2021010
101020011
101003001
320010
1011012
10001301
113000010
1001400
312000
11030100
2010111
30000030
400001100
120002010
10014000
110002110
101010300
100011030
1010103
10010010
1202001
30001110
21010011
1300011
2000220
110004
100310100
1000023
130010100
13110000
200101020
20010120
1012002
20012001
320001000
211000011
211010010
2020200
3000030
100140000
10003020
300001002
200111010
1104000
1013100
10200210
400101000
122000001
40100001
111100011
10000221
100032
21102
111120000
3000
110000040
200110110
101000001
112011
11011011
210000111
14100000
102010200
1100211
310200000
220002000
400100001
110112000
11010021
130000200
140000100
20040000
110000013
101301000
1004010
21101001
21030000
301000020
20300010
11120100
4200000
130020
2003010
1130010
110121
10000041
11004000
1012020
1112001
121011000
200002020
310011
104100
1120002
1100031
301010001
111020100
100112010
20200002
110003100
111100110
2002101
1111002
320100
13001001
100103001
400000200
220010100
200100300
20101110
200001003
11013000
1001010
11202000
2100120
20201100
20010030
200001210
100000101
2012001
31000101
10023000
10031010
101002011
1101111
100001022
14001
1100400
300102000
30100011
3102000
102100200
102010002
2001012
113100
310002000
31001100
1010211
2400
100001031
2121
1410000
20001102
3101100
1011300
120030
101012001
210021
40002000
103000110
20300001
310010010
1011111
31002
1100202
13001100
201100110
2100
210003000
12111000
10030020
100010400
101011002
410100
130110
12010110
310100001
110000004
21021000
10022100
1300101
101000400
1120200
1002201
102010101
200211
11031000
10202010
120201
21101100
10200003
100300110
10030200
300010200
130010010
10013100
100110030
101000103
131010
212100
100401
11200011
20112
102010011
13020000
10010400
20000022
11010030
110000121
10002210
2400000
2101101
4002
1200
123
11000121
33000
101110200
110110200
2000310
111210
10110
11002011
200020200
210010101
10003110
201100011
3100020
100210020
10020003
210010011
20001120
11000310
30000021
3002100
20202
11020101
221001
1201011
200000103
11121000
10111110
200130
211020
10103001
12021000
110030100
30000210
2110002
230001
102300
10200201
20200101
120000102
10001013
401001000
131000001
20121000
10031100
10011120
2010012
1200210
300001020
2200200
1020030
101101101
11200110
11010120
110210001
10200000
1003101
200220
21120
10041
1200021
100111020
2011020
12020100
21011001
200210010
21021
11210001
20210010
200200200
100030101
21010020
110011002
201002010
31020
200010021
10031001
220000101
22000110
110000211
11111100
12010011
10001001
211000020
200021010
201010020
300011001
100001013
201201000
100111110
12000030
303
2301
111200001
300000003
200001000
101110101
100011201
101001030
1000020
201120
101200101
103000011
110310000
20301000
120200100
11100300
10221000
200010201
21030
112101
1100022
10110021
100030110
100101030
2220000
10000212
401100
24000
11001021
120021000
10101030
2103000
12011001
10021011
120110100
100103100
101103
11012100
41100000
30201000
11110002
100210110
302001
20120001
12110001
21111000
101010003
3000120
1000110
203010
110130
10101
301110000
300210000
140100
1302
11001111
11031
40001001
112011000
210101100
110010003
121100010
4101000
1300200
101300100
10013001
210030000
200020020
1020
1100220
100022010
210001110
211010100
31001010
103000101
121000011
101001210
101000211
10140
120012000
100140
300100011
100041000
21020010
110021001
410000001
120100020
110110020
1023000
200201010
300000102
111100002
10111101
400011
2100102
22101000
11010300
101022000
201001002
10022010
303000
30101100
200210100
100201011
10103010
1100001
10300011
10030002
200111001
111201000
101101110
100120110
200400
13010001
3110100
102110100
10130001
21300000
201021
12120
122001
40110000
100311000
11110020
200010012
100004001
1203
110040
33000000
121000020
30010101
200003010
110000001
300100002
20201010
201200001
1002300
2000301
104001
402
20102001
30000000
210200001
201120000
14100
400110
12010020
11210010
300000000
112000200
131000010
10211100
100010130
11100102
100320000
10300020
3001002
11022000
11112
111002001
211110000
11130000
100101201
100001001
10100211
21000021
10012011
201000000
13011000
200200101
100101120
10311
1130001
3102
202101000
101010030
100120200
303000000
311100
200110200
2100000
1100301
10012101
230010
311000010
300100020
110010030
30000012
101211000
101000130
3011001
12002010
10002111
110000010
2100300
100102101
211101
20031
11001003
210200010
30300
200120100
201000021
11000100
32000010
211000002
22000011
100111101
2201100
2010000
200001
10121001
301100100
411000000
400000020
410000010
20310000
110002020
10002003
31100100
101100030
111110001
11110110
2011002
12100110
100210002
12012000
300011100
10302000
10001310
101300001
10400001
4200
2001
11002110
120200001
20003001
20110002
20011002
10001010
201111
20220
110100210
11101101
211101000
100200000
110020101
201010200
10011003
102000120
11002020
400001010
100300200
30101010
30030
200000211
200010120
101121000
300021
400020000
100300002
100020000
220010010
120000012
20010210
1020003
11300010
30012
210100200
200000310
210000120
300110010
1301100
120300
402000000
120020001
20020011
10104000
11121
11001201
110200011
100003200
100001310
101012100
100202001
20201001
10300110
110201010
101012010
10002
11120001
300003
41001000
10112100
1230000
310020
10121010
110100102
32010
100010301
30001002
100002111
110101200
1121100
130002
201300
100013010
240000000
121000002
120020010
1100004
11012010
202000110
20004000
1320000
100200210
121200
110001
320000100
210102
140010
121011
20100003
20111100
11010003
100210011
100101210
1210110
1201101
10140000
111102000
10101000
3002010
3110001
30000111
110020002
2020020
10201200
1201020
10013010
30300000
111111
202100001
3012000
1031100
1000113
21002100
220020000
211100100
100112100
200101101
111012000
33
110000031
2200101
20120010
201110001
10100001
132
130100100
200040000
2201010
2013000
1021110
200120001
2130
21200100
20100201
20200020
10002300
110110002
10010100
10010310
301002000
21100110
2002110
110210010
10211010
111000030
103100010
102101100
3010020
2110011
1400100
120
211001010
4000101
240000
22000002
21011100
300000
12300
101004
103020000
121010100
3030
202100010
110211
22010010
300000030
30111
300101001
1000032
21201
21001200
3200010
100100010
100200021
21000
10100022
1200120
30012000
20000001
1014
100012011
30003000
121000101
10203000
120002100
100002030
300120
111102
114000000
121010001
4101
10101210
301200000
212000010
20211000
100111002
2011110
2112000
1010220
10030011
10000203
201100020
100100310
231000000
110101110
210101010
100000200
110000400
1000203
11000001
30003
200101002
112110
100201200
110100120
300030
10131000
200010111
1203000
100011012
11011002
10020210
401010000
111111000
110001000
300110001
11200002
101120001
11001300
40020000
31110000
212100000
212000001
101310000
100000023
100001130
320001
2100210
200004000
2003001
1001220
100023
1103010
10102002
101202
110111100
114
11100000
101002020
220101
101120010
1010010
210012000
101100300
20000040
200010210
101102001
220001100
204000000
121002000
210001002
3001020
12201000
140001000
103011000
20010000
121110
30102
11001210
111021
120000000
100021110
131001
200101110
210002001
211100010
20010201
101021010
410001
111001002
310010100
23000100
31000200
100300011
302010
100100040
120010200
11011110
10001211
3001200
101101020
101011200
111101010
10111011
1000230
100410
1021011
30100002
110000100
10000011
100200012
111001020
10101201
210000000
132000000
220200000
140010000
10100220
110100021
10220100
1020201
200100030
200000004
102200010
3010101
201001200
200012001
2010021
120000030
100000212
100200
10000113
102100110
210300
100020102
20001
10110012
1004001
110100111
101011101
112110000
200030100
20101200
102001200
402000
11020110
321
100200030
30010011
10003200
21101010
10011210
401100000
22002000
201111000
300000210
13100001
211110
1001031
20110020
3100110
1210200
12102
10100010
2100201
110000112
100220100
103011
210012
200001111
30110001
2001000
101102010
310101
31200
20040
102030000
20210100
200111100
10000401
120101001
110101101
120210
300010020
300001101
200000400
301100001
101200200
41010
11000103
210110100
100110120
111020010
1041
320100000
30010110
20101002
3010110
123000
22100010
10310010
211002
410100000
202000200
30100101
20011110
21011010
101201100
210000
12030
10002201
102003000
311000001
100023000
100020111
200000031
100302
12
2100012
311000100
121020
1101120
40000200
110100003
12100020
100310010
1211001
230000001
200010102
1122000
100202010
10302
1011
22100100
10101120
12030000
10030110
200002011
20000013
100122000
20101011
201020001
10004001
113010000
200012100
111101100
110001021
101030100
10203
10103100
102002001
42000000
130000020
311010000
21000000
20100300
10003002
100002120
101000040
121002
1001202
2010030
100400010
120111
203100
20130
10113
2211
110001003
1004100
102101001
12000
11001102
200200020
10000200
111110100
200000112
101001021
23010
11022
10210002
22001001
301011
130200000
302000001
411000
120001020
200002110
210110001
2002200
201000210
400101
11020002
13010010
100011102
1011201
203001
10210110
101112000
101100003
111010101
14010
1040001
1010022
21002001
400000002
14010000
200011002
21020100
1131000
101001111
410010
11100021
111000000
220010001
200003001
102100011
1101030
1002210
200100210
3300000
112020000
30110100
104001000
102012000
210003
100021101
120020100
20020002
101110020
11111010
1001040
200010
21000210
1000131
200211000
200200110
10000002
30101001
100001103
102120000
1030101
10110102
102102000
1014000
11000112
21002010
211020000
301000200
200121000
111010002
10011000
2000010
200100
10200012
1200102
40001100
1002102
100011300
10230000
100203000
110103000
20300100
1002012
210011100
202110000
100100301
4011
1023
1013001
420000000
221000010
111011100
1001004
200013000
111100020
104000100
2102010
22002
3210
111001101
1001121
111300000
302000100
130010001
20111010
110111001
21100101
2000211
100211001
100031001
22011
10210200
12200010
201001110
300110100
20002200
201100002
301020
10211001
21001020
202001100
120100200
10401000
11110011
2004000
3001011
102201
103002000
20200011
200010030
3100200
100020012
31000020
100131000
100001220
1210101
40010001
10012002
10002102
100111200
200001102
1200000
102021000
100200102
100014000
100000002
3000210
202110
21000120
10310001
20003010
20000202
21100011
10122000
10001220
3100101
11202
100300101
20003100
210101001
211011
20310
210020010
201110010
110101011
102101010
12001101
32100000
100211100
1311000
2040000
101100012
310101000
21012000
200011020
110010201
1111200
100001301
12001020
210300000
31011000
210002100
100103010
100101021
110202
100211010
301000101
200400000
110301000
111210000
110011101
1030011
1112010
40011
20100012
10010121
130000101
202011000
110002200
2030010
2001003
3110010
100122
20100030
21110100
2130000
201200100
101111001
103110
111003000
10000311
10010130
101200002
14000100
100100112
112002
23010000
110220000
10111020
3010011
310110
102111
11010210
30010200
20000004
110010102
1221000
10000122
1000122
2010
12001002
120101100
200200011
120000120
111030
101021100
222000
22010001
1103100
102102
10010001
210030
410010000
131000100
20002101
1200030
1041000
101001000
1003011
210210
101100102
10220010
110013000
200000202
10000020
2031
300000300
100200300
100200120
111001011
1202010
122100000
20012010
100400001
100020210
203001000
200003100
3000021
301101
11200200
10020021
300030000
400010010
120002001
220001001
201200010
100102020
112000110
100020030
110010210
101100210
31000002
200020002
100000311
1000011
102000
1220010
202020000
300021000
300000021
40001010
20030001
1110012
100010310
1110120
12012
21000201
10200120
202000101
100030020
200011200
101000310
1310010
121101000
200130000
11310000
110102100
102110010
2000121
210111
10130100
1010121
212001
12020010
300001110
20112000
11100003
2101110
100130100
10014
120102
100113000
1011003
300201
11102010
120030000
30200100
102210000
1300020
14001000
200210001
30021
110001120
302100
110013
101400000
110030001
110003001
20002011
200001021
100210200
100010010
101001
12020001
312000000
112000002
200011101
100110210
10100103
101010021
112010001
102000000
24000000
1104
20202000
300200010
200300001
101040000
10003011
100110003
4000020
1010001
103001100
121001010
110211000
201100101
2031000
102001101
202101
12000111
300120000
41000001
102010110
100040010
10102101
301000110
11100030
1000212
100010001
100002201
3
201003
1100130
40010010
211001100
21100200
11000220
310110000
221000001
210102000
100012110
400200
12000102
22020000
10020111
20012100
12000201
20100102
100100001
131100000
23100000
203010000
13000011
120001011
21100020
100012200
3101001
100020021
20000100
2000001
1012200
10400010
11101200
221001000
110000310
120110001
1030020
200031
22101
1130100
111011001
202000020
102000111
100300020
100201020
101210001
100040001
102
200300010
200031000
330
10012200
2000103
1201200
20031000
20111001
100001211
110100012
10010013
110020011
110012100
10000320
100112001
10010301
203000010
3100002
100014
100021011
200010300
100000230
201110100
110001012
2000130
11004
10201002
401000001
3111
201101100
20110011
100212
1010301
10021020
111003
102200001
3000012
20022
10104
1122
21001002
100011210
2021100
1001112
31011
2112
310000200
130001010
122000100
201011100
202010100
300100110
10001103
302100000
102000300
100000320
101112
32100
200100201
210111000
3000003
103000002
210001011
210000201
100101000
2200110
1121001
202000002
4010100
12000021
3300
2002020
4100010
2000004
11010012
130110000
300200100
10200111
300011010
210001101
120012
201000111
30020010
210110010
1031010
1020120
110010021
4001001
100002003
101001300
1002030
101001201
100022001
1320
11201001
100001004
40200000
113000100
100200003
1000311
13101
11310
100011021
210011010
201100200
2003100
130200
30210000
120000021
1302000
12101010
113001
2300100
21000030
30200010
30010002
30001020
20000211
20011020
100000131
201001101
101040
110100300
210001200
10201020
111000111
30002010
3011010
101000121
121101
110021010
200020101
31100001
310200
1212
310000020
2002011
200310
1040010
1120110
11011020
10010202
100221
130000002
202001010
210000021
101220000
3200100
1000002
212010
11100210
12001110
100003002
1003020
11020200
3201
10100310
10101300
4100100
100100103
100002
12111
111001200
11000013
12011010
220000020
220100100
20021100
111010110
102100101
200013
4020
1022001
330000000
4001100
201021000
10001100
100010211
2101020
20004
210201000
300012000
200000121
100010100
1000221
100310001
23001
4110000
10000410
101100111
101200011
102002100
101121
3111000
110300100
41100
1000200
11012001
1020300
101030010
1000410
100010220
220000200
100003101
1002120
100131
100101012
230010000
320010000
201030000
10020000
1210020
10120101
11011200
111030000
210010020
2020101
204000
101310
3120
301000002
102001011
12010101
400110000
2110110
100210101
20100120
400002000
130001001
3010200
1121010
1002
10300101
10011300
11100111
10010211
10200
1101
21000111
110001201
101004000
10110120
1020111
10410
240
1020210
140100000
310000011
22110000
200011110
11103000
121100100
101010210
11021001
120021
300012
13101000
210020001
10000014
102010020
101011020
420000
200301
301001010
310002
1202100
12102000
100120011
11210100
110100
11020020
21012
11000301
120010110
100013100
30
120120
20210001
10040001
102011100
200202
1400001
103001010
13000101
110200101
1010031
112020
201003000
301000011
300010101
100000401
101200020
3021000
40101
10101012
2111010
2001201
30120
110120010
10101102
10300002
201010110
11300001
11400
110301
21
10100121
2201001
200201100
30011010
110002002
100001400
111011010
100011000
11211
20000220
2030100
1011000
210000030
30000201
101010111
100101111
2001300
1101300
2000022
100002102
301001001
140000001
111000300
120100011
101010000
200001201
1200300
102001002
100121001
1022010
10113000
20110200
110102010
4000002
4010010
1111011
221010
210100110
31110
30001200
220200
22110
111012
11001
100301010
120001200
3100011
102030
100110102
