100141
200010022
100003210
21300100
100211200
202030000
41000020
201100000
100013002
1202110
40010200
20200021
322000000
4200100
11010031
301100200
200102011
21101020
10031110
300010210
2011102
310210
100004011
12021010
101110003
301011010
200122000
202011010
1201
400100002
211210000
3200002
100400011
300100120
100102120
100021000
200001301
320200000
101002012
101202001
11130100
110130010
1002010
41020000
420100
100011220
201102001
101100031
1200100
100312000
20011120
311110
200031001
2203
13
40200100
401010010
100030003
210000211
100220020
100020202
110002
1002301
30111100
100000303
101122000
111011011
40111000
30030100
3001012
100020010
200121001
40000120
12001120
10011112
410000020
101001004
10000204
200014000
101003002
300210001
122010010
20210002
20102011
32000200
40101100
30001021
2211100
132100
10000402
22300000
100000402
10201111
110010004
303000001
120000112
1300030
111210010
120130
12001300
102012001
10001113
2011000
210110020
220200100
100030000
30010120
102101101
14020
20001001
12102001
311001100
3200020
102010111
2003011
100030201
100003012
10100320
22002100
22000300
1011202
100213
110200012
302010001
200202001
211000021
1101130
10202110
21000103
30110002
100200103
30400
1021030
20211001
10002112
10111003
110300020
30200011
100111030
101300020
103200001
100140100
121111
110200030
13002001
1010032
400100020
3010000
2030101
101112010
112012000
1220110
21020200
140011000
4000102
20121001
21011110
201200200
100121011
4030
110110102
121201
204001
113000011
13021
10400002
100023001
1040110
10103101
1010104
21111001
10042
31201000
20110111
200012200
330100
104110
100040002
10120300
11023
302200000
1211101
20130100
20101201
1101001
101100010
41002
132010
100002130
101012011
1100230
10120
101020201
200111011
11002102
113100100
11230000
103111
11000020
11100121
211021
110310100
331000000
11100130
310000000
130011010
1033000
3130
230000002
100200400
1140001
201010021
110021101
10011040
210202
21031
200031100
11001202
102011110
101001220
211000
2302
1004011
302000011
200140
2120020
120211
212101
13001002
300002011
210200020
201011200
2100040
2110102
140010100
120300001
211100200
2001211
2000212
12001030
111021001
221002000
103020100
11020300
100010020
122110
112110001
12001000
211000300
20020300
30003001
103300000
300111010
301000102
1220200
221010100
100221100
100022020
11302
24001000
20020201
30011200
201001003
100320001
20011
10120102
1102201
20030011
41100010
301010101
100200301
100101310
110023
100300003
300002101
1102003
110100100
20210101
220012000
201111100
100011211
3031
11211010
12011101
10011400
100011103
102220
30001
101110120
110020210
200011300
1301110
100301011
31011001
2011012
101401000
102002020
200103010
31102
210010012
1002031
120001
42001
131000020
210400000
210001111
301000021
10100113
10001023
402100000
203011000
200311000
210000112
302100001
100202110
110101210
1021003
212000020
10010230
201101011
23101
100002100
3040
110110
31020010
20211010
201100111
130120000
1030000
1000114
1201210
1311001
212020000
100130011
111000220
21001030
2100112
400002001
100300021
3001
10300102
310020100
200100121
100111102
211101001
11010010
3100300
201000100
304000
100300
2113
21021010
21011020
110010202
100300111
320002
100100212
22100101
1121011
1021210
10120012
120400000
20030002
100204000
130102000
100011013
2200
1100020
200000110
30300001
320010010
110000302
310101001
20221000
3300100
2003200
23000101
230020
20212
101320
22100110
2101000
22210000
100212010
2100103
113000110
110201110
30010210
102011002
411100
3100
1303
1000024
402001000
101111020
200120200
11103100
220
210001
2011030
120101002
3010300
111004000
101112001
20022001
110003200
103000201
13100110
11032
110010031
1200010
123000001
111130000
120001000
120000130
11110030
21121000
3001120
201310
21400000
102301
2021020
20011201
1310002
30103
11121010
100122010
121000201
112101001
301300000
20100310
110310001
10040011
10004101
10113001
100320100
3001102
1001113
101201101
10121200
10101211
20201020
121000030
100100410
10004002
2011021
11022001
300012010
40120000
102003100
202002010
11100040
10110202
400003000
210100003
130001101
210000202
14101000
130000
100011310
11210110
303100000
10122001
33000010
22111000
201012001
1020010
220012
121300000
200113
111020200
120002101
210000130
101200000
3000211
100211110
331
1110010
40000111
200302000
10030111
120000211
103020001
301111
30310
110100400
220120000
21001210
11201101
40
10020310
430
302101
1030
20120011
10030102
223000
101011000
200012020
304
1020103
203000101
221000200
30030001
110020111
200212
142000
110002102
2012020
113020000
32200000
121120000
4030000
102301000
1103020
1110310
120004
411010000
130020010
131200
10020103
2202001
1003120
30020200
110000320
101200030
1111030
3121
111000211
21301
22021000
321000010
20013010
1210210
1031011
22001011
100020013
100212001
2001001
100123000
302020000
10300111
20000110
100032100
200013010
121300
1110022
133000000
20230000
10114000
30000100
102310000
10104010
20130001
10020001
131001100
2010310
20001220
111020011
1201300
101010001
310001011
2000200
10300
11120020
100001104
1100311
1100221
31001020
203000002
21000301
10000411
300100012
10141
3004
111100120
1101013
110010010
202300000
1300021
3020002
2210200
1303000
20101300
103000
101410
200100010
2110
111000100
1200400
200410000
200001310
400110010
200001103
120021010
220200010
3013000
11020111
11101000
2110012
310000003
101010031
101100004
20101120
10002130
200010310
1003003
100310002
101100202
201201001
12110101
101311000
110011003
200011
1130011
23100100
120010
210031
100001140
300003010
2000311
201102100
3012010
100001320
100001032
1013011
210011110
20200201
10201120
3120010
100011301
4021000
213100
1141000
201000031
1011013
10001230
3111100
120120100
3020011
103001101
11001103
2210110
40002010
13110010
221001010
1002022
202100101
201000121
320011
311001001
120100003
104101000
202101010
101120101
11002120
210000013
130000021
220110010
110000110
103010200
102110101
200131
1120300
20200111
130102
41020
1012210
13201
110100112
10010302
10122010
11010202
20030110
2002120
11300011
11120200
20111200
31010101
120101101
100002001
20100001
300100111
220102000
410010010
200101111
102000202
14100001
321100
22102000
231000001
100201030
101310010
1121200
110100013
1120210
122000101
320002000
32000020
2101030
100112200
20032
10011031
310030000
2140000
31200100
11020210
111010003
202110100
3200101
2011210
14002
100002112
14010010
30010012
220011010
111010021
201202000
3011011
101121001
20021020
111040000
100121020
100101202
110121001
111202000
120013000
20011300
100102111
410110
21001120
10013020
110010001
230101000
123100
21030010
112002001
110020012
103003
3001000
130011001
30020011
3000040
201001012
100114
1400011
20100211
220101010
1220002
121020001
10000042
110120002
20031100
40100011
1001221
100040101
22003
112030
101100130
23000002
100110301
20103100
1010302
221020000
200300110
20101003
120011002
200001013
1000411
1330
400000003
21000031
40002100
301010200
201010003
110103100
131001001
11011021
220210
112030000
2300011
200400010
100023010
11100202
140010010
330000100
202003000
120130000
300001003
230101
130210
222010000
101031010
1410100
301101010
10211200
11020120
100200130
103021000
11010211
31000210
12000301
10112002
31010011
32002000
101200300
201000301
200201101
100111120
33001
100001122
330000010
21120010
1200022
201202
12020110
101030002
100120111
200410
11000311
20202001
2100031
4111000
130021000
20001100
10000
30130
100020001
12040000
11201002
110200300
2101012
101300011
1312000
221002
32100001
300013000
400010110
21001111
10001401
23010100
211000003
113001010
20003011
200400001
220111
10103011
20100031
140001100
210031000
20112100
201002011
201100201
40010002
110012011
10140001
131002000
31100002
400101001
203001001
100100302
100022101
12130
110103001
304000000
13001200
110013010
2022001
42000100
300001111
20000002
110112010
103002010
12000400
10031101
110200003
130200001
2000020
100131010
102040
1111102
40011010
120301000
102201100
101111011
100203010
12010030
121210
11110012
221110000
302001100
1110220
13021000
1030210
40003000
211200100
210002011
20140
232
111010102
131001010
30021100
14011000
230200
24010
100110310
10012111
220100002
111013
111001120
11100112
10001101
120220
112201000
20002030
211001020
110200
13010101
31000102
140200000
401002000
401000101
310000021
100302001
11000410
320020000
210120001
21011200
120100201
130300
114100000
1013002
112010020
12201100
12031000
2001301
420001
122000020
11020021
2221000
2110111
100000321
201022
141001000
300001300
4100011
100100101
13120
211001002
10011301
3100021
420000001
120101200
120011020
2310100
101131000
300301
100200121
11011300
200003011
2002021
10101013
10020211
20010211
100200022
13002100
20120110
10002121
110011210
3000100
100030210
102310
10210201
10012030
111220000
102000100
13210000
1111111
100100110
32110
3400
111001201
102200011
22010110
22110010
2010022
102010
110131000
201112000
10001032
122200000
100003111
102101200
3101101
11000200
2220010
12111001
120100120
20021110
20111002
120102010
101004100
102000310
10411
101103001
10110100
20001130
20201002
1101004
10301200
110002111
103010101
124000
200112001
403
10031200
1120021
10300030
300110101
200011210
100014010
20230
21010030
20020111
210112000
111011110
11211100
100012003
12002101
12010012
130020100
300000130
300010201
100100113
104002
100000102
10110103
1010110
211300000
2110201
101221000
201021010
202000012
100301101
21010
300201010
100310020
100102030
13210
10100302
112000021
12010102
12001201
100011400
3000004
100012120
13020001
20220100
10003012
10102021
1201102
200010130
310010200
101110000
11111011
20200300
401100100
200220100
11300110
100210210
30220
200010010
200030002
203110000
210020200
201001000
200010013
100120201
210301
123100000
11200030
1002100
100300012
100402000
1113010
10410001
110011012
110002000
120000010
102001030
2012110
101221
10200100
100123
30101200
100031110
20111110
401000110
210200110
100022200
3000022
100130020
101211010
14110
3301
220000300
140001010
200100004
10100104
121102
21000004
10013011
10101301
400111000
120200020
120030001
200000023
3020020
100303
200101120
10320010
22011100
1200013
4020001
100401001
110000131
10011211
110400001
211000102
11000401
11220100
10032100
410000101
3100102
20101111
40000021
210201100
100103200
211201
100002013
100112020
11011
10110310
1000204
312000001
1122001
300011002
2040100
240010
1210012
300020020
210300010
200302
23200
10101310
11011201
12002200
20031001
103030000
400010200
200110300
40100110
100220002
120022000
2003110
10021120
1230010
110001010
300400000
12100003
3111001
200001022
10100203
12040
1022101
411100000
1001101
201002101
400111
100011040
31201
111101101
10300201
20110003
200030200
130001020
120011200
4210000
101101120
110101120
110021002
20300101
20010400
102112000
3010120
201400
40000300
20311000
200211100
200000032
200011000
103011010
11010130
24000100
311000020
10220101
20400010
30000010
101013001
21101002
11020012
320100010
311101
300112
301201
11000131
1011010
320000110
20000101
4000111
102000220
100300201
12310
21102100
200001010
400001011
200101030
101041000
101000410
3201001
202000003
21110020
2000041
13201000
400003
100010203
30000211
3001201
43
2102011
200041000
2001310
10041001
2201020
110000041
100000420
1100320
132001000
310010002
121100110
1101040
320101000
100033000
102200200
100212100
201210001
111000400
1302100
102010021
22000111
2010121
401200000
110101300
30011002
102020200
102001120
301011001
330010000
21112000
1004110
310300
10103002
241
22000120
13011001
130000030
10012102
20010004
3000010
101122
1020031
201004
220111000
21110200
1030300
103300
101210200
10123000
21002011
10010401
300000202
1002040
10020013
1211110
1101220
12100201
300001012
30201010
3020200
101011012
112
121001200
21100021
10221001
212010100
121021
3400000
4110001
2020
12102010
10021000
11200201
310300000
104100010
100202011
13110001
10010104
200003200
30013000
100222000
14001100
201001201
330010
111200011
100020112
40030000
20110201
10100014
210010030
10301110
212100100
10100131
1102102
132100000
4020100
2111011
241000
300100210
20410
30022
111003010
30110011
11201200
103210
10200220
110100301
103200100
102200110
100401010
11030020
112120
20401000
30002020
21100000
110001121
1101010
1001011
302000110
102001021
12300100
110300110
130001002
210011020
30001102
3010111
2001100
120103000
120003100
23002
100002040
111003001
111101002
130100020
211120
20113
20200003
311100010
1001110
111200020
100021012
11014000
102210010
1212100
220003000
2212000
201010201
100201120
11102011
110401
23000200
310110100
221100010
111110020
1000
10113100
30120001
202111000
300020110
20013100
102001000
101210110
301111000
301000120
12220
121002001
12000010
110112001
100300300
30000310
102010102
300031
101040001
100002004
14101
101102011
30200020
112111
11111101
1201201
1014010
3201010
11400100
401020
11201011
211010020
31100020
11121100
3000202
100200100
104020
100030300
120010000
10033000
30030010
120000400
100330
200110012
10101112
401011000
3100201
10030012
210013000
102110200
12310000
1123
4000201
300000400
220000021
1114000
200102002
4210
10023100
220300000
1001410
102101020
10010200
10110004
20000014
30100000
101121100
210102010
10001320
110001004
2200021
1022020
130010020
20000104
21111100
102021100
201000220
11203000
221101
12301
400010020
10230100
121011001
131011000
110300101
200000113
21112
10002100
3021001
401020000
120111010
1330000
100201021
20041
110021020
10110031
4000012
210130000
4011100
3102010
100104010
200100103
131020
140002
1033
211010200
1111021
12000031
1003102
11000110
200111110
1021201
40010020
301021000
111110200
210000001
12100300
101100310
1020121
1000201
110031100
200002210
200110210
1121020
40000012
10201210
10200121
10030120
220010101
1230001
302002000
300103000
200011111
4010110
200401
12004
130001110
200104
32002
1110103
202000030
11101
204001000
20030200
200000401
1402
10110400
10110112
230100100
32000011
200001211
101000032
300012001
100010113
2104
22110100
42100000
20011012
20012011
311000200
110030200
200201002
122100100
40110001
222100000
100300030
200002300
201010111
202201000
100410100
11300002
110201011
410001100
300110200
301110001
2112100
10420000
200200012
411010
12110011
112000300
102100120
121110100
211100011
130010110
111010000
103020010
200103001
10042000
10031020
103201
200131000
300020011
101120002
100011004
110210002
11011000
122010001
410010100
100001002
10302001
1000120
210310
210030001
211100110
201210010
111020110
400021
20301100
121100200
121101100
102000400
3110011
100132000
1200301
10000330
300001000
2030011
200100400
100010320
10101400
21000211
112000012
300010000
3020101
202001020
100031200
10200211
1003021
400002010
401010001
301102
1002211
20000032
20140000
20022100
3101002
110140
21100012
33000001
220002100
101030011
112101100
100300102
1231000
2140
120121
222000010
202012
31100011
30010201
100101211
100120021
120003010
21001003
31001002
20040001
1212001
30101110
310102000
120000100
200000311
301001011
1111003
102012010
1101121
410011000
10022002
110012002
10000312
20210011
1401100
1011112
12000022
101200111
20020030
201000112
10132
22003000
13101010
1121110
10311001
212110000
30001000
11200000
22010020
110031001
120010030
140020
121000300
10103110
10420
4200010
100000114
120001111
112101010
302020
212200
100030120
11020000
12110200
200040100
20210020
112010110
100301110
101001121
100202101
100200220
200101210
112010002
10211101
204010000
20100100
10010020
102202
10220011
23110000
10003000
120002002
203010010
100211002
11000203
101020
113002000
101020210
210200200
101001103
20023
10110130
122020
11110102
112000120
104110000
113200
1101103
1024
21201100
20012020
102040000
301100020
301010011
200130001
302200
110020
120210010
110001022
300003100
110030020
310011010
300003001
210000220
21100030
100410010
311011
300111100
20201011
11220001
100020022
1010002
110001301
41001010
210030100
31012
11031100
121000210
210100300
3110110
211030
13010200
21210001
10012120
302010100
101030110
140101
130021
20001121
104200000
113100001
301101001
301000
12112000
21030001
112020001
120200101
120112
11021020
11000221
11000011
20002102
2000140
2001040
201010102
100110121
11101021
420000010
220010020
200130100
100103002
100002103
11000212
121020010
21001300
302000002
213001
11110003
41001100
210120100
112102000
1120120
10100221
110010301
212011000
21010012
2200120
3100120
10121011
121100101
100104100
100100200
10003
11031010
14200
11401
310012000
10102000
20013001
110030002
23000110
141010
1111012
101010112
12000013
10300120
21201001
212200000
100031002
11030200
30013
201100021
2001202
204010
312000010
211210
101010310
11100211
112010011
430000000
102100030
201000103
1132000
100010032
200001220
120001021
102010000
401010100
110000014
111210100
1201030
10101202
100120
20000041
110014000
20000302
101210020
402100
10320100
40000003
2003002
100011121
1102030
110010310
2203000
311000011
210000103
20000023
10000111
100010002
111001000
11100400
221011000
300010003
3003100
2001121
1004101
112000000
110020030
120000013
3003010
1102000
1202002
1000402
310100110
122011000
201030100
100210000
10201003
21011101
123001000
100310011
200200102
100100122
100010302
111000004
10201000
10200010
1000000
201300100
102000010
201211
100010230
110201101
21000202
10010110
10222000
100240
200004100
200000203
110011000
110122
12011200
401000002
1032001
13111000
421
100102012
3220000
41000110
3300010
2001112
100210030
3202
1102
110020201
210001210
1300201
10003210
30000202
21120100
10022200
30202
110203
101110012
11101201
212000101
310021
220001101
100200004
110001202
210220000
130100110
120001012
201010120
200012011
21103
2230
401000020
200031010
300000022
300102100
201301000
10220110
10010032
30211000
201040
100020121
112002010
10001302
100014100
1220020
10002004
4110100
11110300
300013
10410100
210210010
11001112
1003201
112111000
4000030
101140
200002201
24000010
20100004
11121001
200001121
20201200
10121020
11220010
30000400
220020100
3000031
102112
40200001
112002100
321000100
123010
12101020
203110
121000000
220210000
300021100
20004100
221010010
10000012
10012021
410000110
12022
1020220
20112010
1100410
121110010
11021110
110102020
101000140
10002400
2310001
11001022
210021001
1321000
121003
12103
11011030
1031200
1120012
131010100
400010101
200200201
11120101
131000110
120031000
120002110
312010
11003101
2120011
310200001
111000301
122011
102211
2021011
10400110
101020003
20203
10130020
12210010
10221100
1020040
213001000
100410001
10130101
1001032
40012
211120000
210010120
101102020
10204000
2001004
110002300
214000000
121000003
104000011
100201003
1010200
111004
1120102
230000110
10000123
10310101
102200101
101023
12200020
4001020
300021010
200100100
20101012
3102001
210000040
111400
100110130
10101130
121011010
2011120
100013101
211110010
200113000
121100002
200112010
112020100
40020100
22101001
10021030
220010011
120010201
300001021
100000222
201001021
204100
23011
200012101
20300002
10012
10201300
212000110
110102200
10012300
2200102
31001110
20302000
200020000
103201000
11000023
11000113
11001121
13200100
20320000
2110120
20100010
310210000
120000301
103100101
101000401
1022200
1013020
1021120
230010100
20202010
10021012
12112
202300
10221010
10002031
102110011
202000210
112100020
111011200
11200021
11140000
20113000
200111002
101000002
12020020
10021201
4200001
220001020
202002100
2210101
10102120
12030010
110003101
110230000
4300000
101020300
111000031
10210111
2010202
1020013
31000030
103100110
11120110
11002111
10000303
401001001
1310110
21100210
1023010
30001120
300310000
11001211
120100012
2013010
131000002
41000200
221110
111031000
1011121
231100000
311200000
11320000
1040200
111003100
1012111
11001040
1120
330100000
10200202
11010112
103012
13002010
100203100
2131
20021011
201030001
2002000
111200110
101120110
2220001
12012100
11040010
111101110
1110001
1102120
10003120
2010220
210000100
400001200
120001201
101212000
111102010
1112011
110100310
1211020
30020110
3012001
300030010
101003101
200200210
2211010
30010030
200012110
20001211
100030111
100113010
210100021
21200002
21301000
3100012
1101301
301010110
100003030
120012010
14200000
1210003
212002
20110102
40000000
101140000
102130000
101003200
100201210
140110
201100120
12110002
212000200
10301020
103120000
14100010
310001110
11001013
112001011
21101200
20220010
10200103
2020012
220003
23001010
201013000
2300110
202020010
202003
340
1101022
22000000
300001120
201101200
12110020
110101102
112021000
121002010
10024000
130210000
20012002
132010000
10011130
110001112
100030021
11002300
400030000
200111200
30000004
200210101
100013200
1112101
221001100
100003201
1100212
10010122
110102110
200120110
22300
101130100
111301
101010013
1001104
102022
13102000
110210011
211101010
31100110
31021
1211200
21000013
10002301
300200020
101300101
103012000
23020
110100022
23001001
140000200
210110002
300100201
100100311
2310010
12100102
310002100
200200111
200212000
3000013
211300
1013200
124
21021001
120100000
3001300
1040020
120010300
21130
210004
200040001
200110000
201000013
10111
101001301
240000100
31110100
20201110
101400100
10000021
110030101
202000111
10311100
110110003
202200100
200100112
11102101
101311
320110000
10211002
100113001
110201200
11011003
10113010
101001031
10000030
2320000
202100110
1010230
200401000
220110001
110011201
300121
101121010
2112001
300100300
210100111
200002003
141000100
20011111
3103000
2004100
102000301
203000011
1010020
12101101
1131010
110000203
200010103
12103000
1011103
1012300
1101112
400021000
103000030
311101000
210020110
102020101
104100001
11202010
12000121
230002000
311010010
421000
100010041
110102011
21200011
301110100
21111010
1140100
111111001
110221
2101210
202021
303000010
31020100
20001010
101010220
102103
221011
101011
201211000
110111101
1000030
1210000
300010012
100104001
20010202
321010000
200110003
100001113
103200010
100013011
1420
10002211
1002121
110000032
14001001
10121110
102130
30100120
30010021
2001400
130002001
200400100
1012000
12021100
10002040
10110022
200200030
303010000
320001001
130110010
100010401
40102
200001004
101100022
13000000
20020021
10001203
11210101
2110003
1114
210001030
102120001
13020100
200013100
1210111
110031010
201201010
100101103
110130001
10102
10111111
301210000
4000300
3010201
100032010
12022000
10300021
1302010
103111000
1011001
1200103
130001200
1112110
110210020
10010041
20031010
10001140
20010100
200040010
1101211
12000001
30130000
300400
300100021
11310100
30100210
102101002
102110002
11130001
10102300
1112200
110200210
230001001
30100
301003
3000310
22100002
2020021
102002101
110011120
202021000
1000330
100401100
2014
1201003
1004020
10041100
12010021
200000140
120111001
102011200
40000030
31101010
2041000
3002011
21002002
200003101
100000213
113010001
20400100
10202011
1001212
100201
20000020
100211101
20100121
1020004
11113000
220002001
110000122
301200010
101000311
211003
1101310
1200121
113000020
110020300
300110020
101302000
11003200
120400
22000210
212101000
110100130
110201020
11211001
130
101111110
3030010
1030111
201002110
200020102
11001310
30031000
101111002
200101012
21002020
40110100
401011
21400
42001000
1001002
402001
210310000
120000022
100111111
101000122
101220001
12001111
10310200
10001122
302000101
201100003
22120000
103100200
3110002
101200201
30021010
1000303
100210102
21200200
120100021
20011030
300101200
311010001
2020000
111021010
2011
101100040
130100200
30000130
100112110
200011201
102000031
2000101
200210200
200010001
34000000
2103001
1101031
14010001
1130020
200001202
113101
110100031
12121000
11000101
111012001
13000111
202100002
3121000
120001120
310010020
20101030
201020200
100110040
10022011
1030201
22001110
2110300
101011201
100101121
100001023
40001101
10020010
40100020
130101001
30000112
103110100
100040110
3220
10100410
111012010
10000003
11200210
231001
3120100
111120001
100000210
11320
1010122
1030102
121012
210111001
2101021
21202
100100104
100001401
101001022
110001013
140020000
310001200
20003020
102011020
200014
211000012
13000102
130000000
10201201
2200111
102400000
2000023
100221001
40001020
121000102
1200040
140110000
302110
11020201
103102
3022000
110311000
31010110
10000222
202200010
112100200
20021002
130012
110320000
120101020
201003100
1311010
13000012
20003002
201220
31210
10101010
20200012
110020000
20200030
110032000
110111002
31011100
300011200
101000230
11110201
1031020
130030000
310100002
11120011
120100030
213010000
311000101
110023000
110022100
120102100
210001201
100102300
421000000
40000210
10013002
100204
100200211
201200101
11020030
22201000
13001101
10411000
210000031
100020004
1110202
121001002
300100003
104101
10000213
211002100
301100011
111001111
1110013
10112200
2400001
130200100
200000410
220101001
231010
401200
40001002
12002020
20002111
402010000
210101002
200000014
102020002
100113100
1210
40011001
220000000
4002001
21210010
212000002
30301000
104002000
201004000
2021200
210130
11030002
310000030
12202000
400001002
131101
101022001
2010112
100210012
131200000
120121000
400000102
131100010
100400200
100101400
210103
100023100
122110000
100000120
110100103
12011110
20120200
200002021
111001
21000010
22110001
110012101
1002103
10100020
101041
101201011
1210120
3000121
10030300
112210000
201000400
2111101
212010001
1220011
102100012
210200011
100102003
300010021
100002022
21003100
1301200
220120
321010
41010100
111111010
103100020
100020130
11021002
20000203
110010400
12101110
111211
200110021
22020001
22000021
20101210
100003300
101101300
20200210
10000132
10120021
200000200
30200002
120040000
21110011
200112100
100001200
2120002
10202020
411001000
102111001
22002001
121020100
102200002
310120
210100
11104000
101101102
1032010
20003110
110001400
30101020
103001200
103002001
10210000
20100202
10021102
230000011
40120
1103101
2000401
103001002
101000023
100240000
300211
101401
12000103
12001210
201011110
2102002
10111021
13100101
1104010
11131
100101004
10200013
101011003
300012100
200101003
3011110
200200
31111
10000102
112000003
401001100
121010020
22000
12001021
403000000
210000010
101020111
4012000
100200310
210100012
1110121
210201001
110111200
4020010
101301001
1200220
11301001
31000021
100100041
100021201
10140010
100111003
100300120
100010014
1221010
20011021
111021100
102020020
21000100
300000310
203010100
301001200
101010103
100100140
110120011
4011001
230000101
11410000
2031010
100211011
100222
100021003
110120101
20001022
122002000
2200012
1203100
111201010
1310011
12013
1300102
201100300
200011120
100220200
200210002
302002
11410
21040
3013
110104000
2013001
10021300
101021110
103000102
112110100
11013100
10220002
2121001
100021
220000012
11001301
310011100
23002000
110003002
120000031
102003010
30112
111000040
410020000
122001001
10311010
1301101
40020010
41101000
131010010
11210200
2120110
10200004
402000010
103000111
20001040
11110120
100402
402000100
110120200
1140010
12020011
13000210
10201021
4002010
1202200
121012000
30010111
200104000
301000201
222100
401101
100040200
220100011
200020111
200002030
10312000
20400001
120102001
200300002
110100121
10001104
101200012
400210000
101014
140001001
20120101
1202011
2001031
201120100
2000302
201000001
300103
111020002
10230001
10010011
11010001
130110001
301020001
100201000
200200120
100200202
30012010
31100101
103010110
2121100
20102101
213000001
10030030
110011030
20200
111020101
12210001
40002001
41001001
120111100
131101000
102100003
100420000
20002
11221
111310
20210200
231001000
30200110
201121000
20212000
210102100
110001100
100302100
211111
122000002
111010210
10103200
201011002
2000110
40210
11111020
11001130
21101101
11012011
101310100
22000030
110000230
20000410
102001300
101001013
200102200
200202100
132000100
11101102
21000220
1301002
1020022
121200100
40010101
31001011
110010013
200010400
30000031
2003020
203002
1402000
100022110
211020010
12211
210003001
1201021
22012
22000201
101011300
1200130
211012
211110001
200100031
1020130
202120000
4300
12200002
2010301
400100011
110101012
200021011
300022000
100000141
104000020
201020020
202010020
140011
1240
311010100
10201
10010203
111011101
2021110
113010010
2023000
202010011
1100104
220110100
301210
200021002
11110
1113001
10100023
21000400
2010013
102010210
2401
20320
211200010
100210120
1112002
32100100
41100100
100301002
110120020
10101040
12020002
21004000
22021
10002220
202100011
200101021
21020110
22001020
220021000
10014010
210002020
210001120
10213000
210022
220021
211000111
110200000
210001003
110110000
102000040
2011111
2001220
200020
132000001
30211
100000123
11001220
11202100
1220101
40003
110011102
111120100
21110101
101031100
100310200
101020120
210000310
120010120
120000004
103100011
110320
1022110
20131000
30103000
200000320
100111000
1100023
111001012
1030012
140000020
300001
100101013
11200111
21220
140101000
200203
100032001
1101400
10111102
21201010
10220200
10310110
100300210
10120120
1000210
20101021
220000210
30120100
200100202
1010113
10101001
120202000
30200200
110000200
210101101
41101
111102001
101002021
13001110
320010100
40111
22030
111020020
111040
101100121
10231
41110000
2100301
101110111
100004002
20210110
110040010
102100102
310020001
200001040
202120
1100041
10101103
311020000
400020010
200100022
410020
21013
40001011
31002001
112000210
40001110
2031001
321001
2100010
110110111
1103200
200002012
100000240
1100131
2130100
300200002
302100100
102010300
1100002
212001001
31000003
202200001
102020110
14000011
100211020
22011010
10210120
210020101
210021010
100001110
3010210
11101111
230001010
230010001
301010002
101010211
21001021
200320000
200000041
203011
10400200
100200031
10130110
100001212
101100013
300030001
132001
112011010
102020011
100400110
1100401
101101
13200010
30100021
120001030
21100111
200111101
12200200
1002310
2002102
113000101
100310110
100040011
10102201
210012010
210110110
1003300
101101030
101000101
100100131
1011220
1300120
110000410
210111010
202110001
11101120
10002013
11010004
130120
110302000
300120001
1410001
2020201
130000300
100002202
10110220
101020012
220002010
101113000
20014000
310110001
200210020
100010122
10301002
2200201
340000000
1030021
100030030
200140000
20021200
102101110
102021010
100200010
10104100
301030000
121
42000010
11101210
210001012
202001200
10200022
10112011
200000002
30110020
2002003
21211
211001011
1211002
1121101
122002
400200001
11200120
30002200
211100002
1300000
201000211
4100002
310030
221200
210010003
12100210
1100032
131100001
10140100
11022010
311001010
20000320
102000022
100000204
40110010
22002010
30201001
201310000
201130000
210002002
202012000
11022100
12002002
112000201
1001014
13003000
110000002
31101100
101011030
4000
100111021
10001131
1000042
300001210
102031
102001111
100220011
300022
11300020
100011010
110100211
40020001
110002120
1001200
1300012
11300101
100031011
21210100
12000310
100132
110101030
200300011
10004110
300000040
104000200
100001014
21100120
400100110
10014100
10012201
310010011
300101020
430000
220000201
10112110
2300101
301002100
201100
100013020
32101
111002101
30002110
32010001
203200000
31110001
100411
2210020
1021
2020102
2002012
420010000
201301
300000211
100302010
1201111
402000001
20020003
310000120
111100000
100011202
21200101
130201000
102210100
3110101
211000120
10013200
210010300
101301100
2002030
232000
200102020
111002200
10023001
2201101
400200100
121010110
2101111
111100
201010
11000140
120200011
200002000
110001220
201020101
201000022
11201020
101201020
11010301
123000100
210001021
100100002
101400001
100010311
1103011
110230
11310010
200000104
2021002
20020210
300010111
331000
1120201
1010212
420001000
220010110
300000010
10110040
20300110
110003110
30000040
210110101
200000212
112100110
400
1100203
400000111
22010002
114010000
220100101
301100002
102103000
4201000
11401000
10130002
312001000
10310020
100041001
130010200
2030110
200220001
100100320
1120003
20040010
300210100
141000001
20001013
102011101
1021300
40101001
1002004
210000022
112300000
103101100
1031110
3001030
230011
101210011
100021210
240100000
21000022
1001302
1231
310200010
21010003
101000320
22010101
12000202
10030021
220100020
311000110
110010130
100002220
201001120
200010031
22120
1141
230001100
102000004
21001102
14000002
11002021
2110210
3022
10100002
101101201
102121
31000120
20010130
300011110
102300001
201000004
1132
320010001
20002210
10120111
31
221020
200001400
210010111
202020100
200200021
31000012
103000003
300010120
1400110
100010221
210100102
101021101
10101220
120100
120300010
2100400
10031011
400010011
101022100
131110
100200040
111100102
10212100
1002202
311000002
130200010
100202020
201112
1221100
101201200
100011022
310111000
130010002
20111020
3002110
301001101
201000310
33000100
3002200
100010023
32100010
110020003
340000
200101
210220
20004010
201200110
12100111
102102100
111103
2012011
1002013
110001130
100014001
111202
100120210
23100010
1203001
200011102
110110030
111100111
1001140
21200110
30001030
11221000
100122100
110000011
4120
40021000
10020004
10010212
120020101
2111110
100231000
200120002
11020003
10240
110210110
31020001
31010002
102100201
1200031
11031001
11012002
101211100
14000200
200023
111030010
10111210
12101011
2101120
20011003
3000400
3001210
11004100
1111201
101002201
31000000
11004001
11003020
1111120
22100011
10401001
10102102
30000001
30110101
300102001
11302000
10402000
10200040
10000231
113010100
20000011
202001002
2000320
104100100
2000032
32020
1100110
120201100
110012110
201000040
101112100
100311010
1130200
30210001
4000120
30020101
104000110
121200010
123001
210000004
201130
200001001
111100021
101010022
100100020
1310101
112300
1320010
101200021
103000120
110300002
200221
4
21020101
122001100
121210000
214000
33100
200002102
10100140
20202100
10301011
101410000
10030201
200101000
2410000
101013010
101100112
220001011
20410000
210201010
10030000
11011120
1021000
110203000
3011002
103030
10014001
100003003
32000101
301200001
2101300
300010
200100001
20120020
400001110
101010130
401110
10220020
10200001
1000240
13120000
13000021
31120
120001003
110311
1010401
11011102
1012
110012020
2100310
30310000
102002110
100004020
1110040
101300002
121110001
100004101
1004002
310000111
2010004
120202
220001200
2301100
2202100
1002400
211111000
30210100
211001200
10102210
1101202
220000030
100141000
100400020
11131000
100020031
200010121
10222
101031001
213100000
210103000
2311
11002000
222001
10021111
32101000
3200200
103110010
2010100
100030
1022002
310100020
311020
100021102
111000121
1020211
300000220
300030100
301012000
111300010
20311
110220100
32010010
40300000
101011210
10210102
20001004
20000200
100011100
201001111
1000111
100221010
200020012
1312
11011111
110030011
13003
101101210
400101010
20102200
300202
211102000
210012100
100121101
211
110110210
110010121
2200210
210211000
1102021
112120000
100004200
12300010
300100000
230010010
300004000
110000020
111110110
31030
10100212
10200031
131000200
411000010
20000230
1110400
10022101
10004020
410110000
20000131
2131000
101010100
311002
100030102
1110130
110014
10003003
20010121
122000110
10330000
120200200
10001110
122200
100012030
2023
221000002
1100014
112021
120013
100210021
111121
40100002
211101100
210010210
2104000
101001010
400300
1010410
210200101
20121010
110001103
100130110
110110012
400100200
101030200
2010400
12004000
10010014
200111020
30000103
211010002
20000113
101001400
11013010
130110100
200103100
102001
110101111
212001010
112000111
300211000
200300101
201110011
100012300
1102210
132000010
101101021
300120010
1213000
104011
2121010
10002001
110004100
201031000
101002111
100210300
100110211
111100210
101201002
11002012
320000011
121030000
103011001
33010
102100
10212001
231010000
120300100
301201000
3201100
101102200
240001000
100000030
111110101
100301020
120210001
30021001
100231
130011100
10001221
100100221
10302010
20010031
2012101
120040
20001400
41011000
101001130
102120100
201001
100004110
401100010
2201110
3103
1010320
10212010
21000040
1000123
200310100
400001020
200110
101100301
1000312
112000030
130000102
12101002
20021101
30003100
201001030
100100203
1013110
121101001
20100022
12120010
110301010
114000100
20020
11103001
12001003
302000020
20001310
221100001
2030020
201001300
1011400
11102002
12000211
400020001
2100001
10004011
201021001
10300012
12120001
12100
110013100
300001201
2004010
102110020
101001211
301012
12011011
213000010
1001311
30111010
201220000
120200002
3020110
200100211
101110201
3211000
200011003
4100101
412000
100001311
101012020
120310000
1131001
1012102
200210011
100230100
130030
100001020
101103010
12003001
110202001
10020121
121101010
1300210
10011022
200000011
3300001
101000131
12021001
120100111
111100003
100110112
100102102
22012000
2130001
2100100
100102
400002100
122001010
100311100
30001003
10122100
100042000
10111120
11010220
220000111
30022000
201002020
212100001
11100103
111011002
112102
140000011
100300000
10401010
100002211
100011031
30120010
20220001
10202002
203020000
110010220
230110000
20110000
102013000
2211001
320000020
101103100
2100202
1004200
1002220
200030110
121102000
131100100
103001020
300040000
31000111
100330000
300020002
30002011
10000033
300011011
13100200
221000020
21300001
3010012
1011031
1102012
210211
1310020
200041
200022010
101102101
12003100
10201012
410200
104010001
111001030
10321000
10111201
10032010
210301000
110000113
11101012
21040000
111310000
130002010
210101011
101002030
100021111
100001230
10002103
320001100
220201
2130010
230100001
111013000
30102010
3200110
21202000
120100210
11001004
303001000
20012200
310102
110121010
20002201
2400010
310120000
1310200
121001101
11010040
4001011
201011011
120110002
13101100
100101100
200010301
3310
120022
100000330
100100401
100021120
20122
22200001
11112001
1031101
10303000
120020002
120002200
120011011
101022010
20300020
100041100
10321
121111000
210110011
201012010
110100004
11001031
204100000
20010220
1000021
401101000
11030011
12000130
3010021
211100101
112200100
40000102
12003010
4010101
200203000
12211000
330001
112210
11002003
22010011
20200102
113000200
10012012
101001202
100024
20100013
100321000
110410000
301010020
100020220
100020301
110220010
1003012
24100000
21002200
22011001
10112101
11311000
310020010
10010311
140000002
221101000
101032000
100002310
22001200
31000201
12201001
400011100
4001110
202011001
11140
10302100
110001310
401100001
3011200
101210101
100030012
4012
10100041
110113
201110200
200002120
102001012
100024000
21031000
201031
30020002
113101000
30100300
2120101
202000300
302011
410002
111031
110041
110001001
14000020
102030010
2000002
200100040
24100
11112100
111011020
10101100
200010100
11200102
100001131
11020
10101031
202201
100321
140200
101001310
100201012
10100200
12010003
1031002
210000400
110211100
30001210
2200300
102111100
40000
111002110
111000130
411000001
101211001
110101
110200120
32000002
110121100
102000001
10102003
210000301
1102300
1112020
100210201
30011020
201110101
110110021
122000200
110011111
203100001
11311
11012200
20030101
202010200
102011011
41011
21100
101010040
20120002
20040100
121010011
3202000
1014100
101013100
200310001
30040
40201
220010200
100001101
11021200
10211110
1204000
10202200
20001031
32001001
200201110
111010111
2300020
102012100
100041010
101100220
111000001
43000000
21010120
20103010
10001011
1023001
213010
10010410
12012001
121001020
10111030
4201
11001400
10210021
220000003
20300200
200000302
10231000
11010310
1012201
210010
222000100
100010140
201110110
10030
104200
202
11041
121200001
22101100
31030000
200102101
210011002
20011000
110111011
100020040
110011021
30003010
10011100
101040100
202011100
201000130
301000210
10132000
20020012
110301100
403000
40030
101110021
211000000
113200000
131000011
300000031
3000001
101012110
20401
33100000
32000110
30110200
4100020
100112011
13010020
13011010
1001401
220001110
210001300
12100000
100033
11102110
3210001
2002201
230000020
203100010
40300
13300
200021020
110100202
10101022
211003000
103210000
2111200
10301101
2201011
20310100
200020030
10000141
20122000
100120003
11000230
110210101
22001002
121000111
102031000
3000301
100130002
21010210
11021101
1020112
120020110
20102110
130003
101110210
121002100
12000112
20010022
210003100
10011103
201201100
100013110
100010410
100010104
1012021
310011001
201101101
211001101
11122
102101011
211100020
2000014
200311
30031
200001031
1110301
12010111
13011100
12011020
112001020
221100100
211110100
110101201
10203001
11012020
21130000
302000200
300002002
100000033
100121200
10201030
20310001
110200021
420000100
1041001
310100200
30002002
310000201
3010030
3000130
3010
11100031
1000213
123000010
101000113
2112010
320110
100202200
303001
200013001
1110031
110140000
121000021
210112
40012000
30300010
1030003
2012200
100110001
1100011
21120001
10002010
313000000
110002210
312100
10401100
401110000
31100200
101010121
110104
1230100
1010011
10200301
320001010
311100001
3100000
102300100
2200003
2014000
202001011
3010102
401000200
100110220
110202100
101011021
101212
10030210
1400200
410010001
200004010
31110010
201000202
3110200
13030
211000201
223000000
104001001
10011121
120010210
12110110
10011310
2020210
120211000
121010002
10001311
103001110
20121100
2002
100012201
240000001
10120000
12010
1210201
210120010
101000011
30010
1100101
21001000
202102
110000140
2011201
111301000
11014
13200001
23010010
110200102
11001001
3110020
230100010
31102000
300110110
302010010
301001020
1020310
24010000
20000140
110010103
110101000
3112000
121000012
20102002
2040010
110401000
110040100
30011110
231100
201100012
11012101
1201012
300300001
13020010
200010220
2000203
102000211
104010010
101011111
11040001
4001101
31012000
20022010
2302000
30121
10130011
102120010
210210001
11001100
10210210
300002200
210020002
110010211
3310000
2212
110110120
212011
140000101
110300011
110000311
200000101
201101020
200130010
100021030
20112001
10300300
201210100
2011003
100101040
1010023
110220001
104011000
30010102
21220000
210010201
101000041
1111000
101002120
30200101
22200100
10001212
220030
100002301
210100120
121120
21300010
13001011
110020021
102111010
201001102
301021
100112101
101010010
112001101
21022
4000000
300200101
120030010
130000120
130000210
31003
1010014
121001011
23000011
10320001
100301200
202210
200010040
110212
21000130
20200120
1003210
11110000
400200010
121021000
21021100
202000
112003000
120002011
200110030
112200001
103021
110003011
30012100
2002300
201001210
12020200
20002021
24001
110300200
400030
10123
12201010
21020002
2100004
100042
2200000
1100140
120010012
201200002
300000301
30000013
101120200
21100102
1014001
220100200
20003101
201010030
301200100
3021010
200310010
200201011
10011202
212000011
2201002
10110013
310000
100111
100021300
10110211
10040020
10000321
1001023
103010020
1104100
103
10112020
400011001
1320100
200100013
101101111
200320
201103
11000014
10410010
300031000
110003020
201200011
13100002
200002
100031020
114010
11111200
410000011
1032100
1011301
100120012
100110031
3001111
4010002
301300
1211011
1001230
2030002
300110002
20111101
100002400
22001101
10010002
11013001
2103100
20030020
1200004
300201001
201010012
21002101
30100003
310001101
10111300
111110011
20002120
3031000
2032
22102
300020101
3120001
301000012
1102111
101010301
202010110
300011101
10111000
101002003
101302
12030100
20102020
201110020
1300003
43000
100031101
112003
110302
210101020
200200003
100000003
20001112
203101
111200002
212110
1040101
311110000
22020100
12001
2221
21110002
10100401
13012000
12001102
110301001
12100021
100000300
210010000
30000220
101030020
100131100
100102021
10031002
310003000
101002300
102000112
100021021
12202
410101000
201020011
1240000
100011112
214
12002110
1000102
32110000
101012200
100201102
200012002
110102002
1042
10020100
300000121
30110110
200010112
21000001
321001000
30040000
200030020
130002100
120110020
2001103
2410
12013000
310200100
101012101
103011100
221000011
200003002
131010001
11111110
103000012
101000104
212002000
30010003
3011020
200020120
10010023
4002100
121001110
200110201
10114
4111
101200
40000201
30102001
12031
2003101
110021110
30011011
2002210
322000
100201300
100010101
110032
20020000
10211020
1021012
111010120
110400010
201120001
1012003
11100022
300040
220100110
210022000
40101010
100220101
100022002
11003110
10100311
130100002
110211001
110012200
100000111
200110102
100122001
12030001
23010001
120012001
400110001
2100211
210110200
200000221
104001100
100003102
112200010
111112
10011010
301000300
12100012
400000201
110001040
20011210
1130002
100121002
10200400
10001020
210002200
200000131
100120300
30301
111002002
10102111
23100001
120020011
30111001
401002
113110
10100230
110210200
11010100
10020202
140100001
420010
2400100
321000001
110001211
111101011
100001011
10200130
203000020
3111010
100111210
11130010
1213
100000042
20101102
10000240
300120100
310201000
130000012
301020100
1000222
111030100
10110301
122101000
21310000
110041000
30000121
201200020
111300001
11100310
201100210
10000000
11230
1411
212020
400000210
202000120
1024000
1110112
202001110
10011220
3100111
102000130
111002011
120201001
20110120
10040002
110000104
20111011
2013100
101032
11000002
21003010
20110012
120010003
20000401
102030100
2102110
10303
101202100
410001001
111000202
21100201
13012
11400010
130111000
120001102
103010002
102000013
111010201
11021011
130000003
100120102
100011001
1120030
100120000
32200
110001031
310012
3040000
103000021
4110010
2000131
12400
111210001
10021021
110200111
11100004
313
30102100
1311100
101000110
200201020
300021001
42010
4003
210100000
120310
201111010
103000210
13100020
100000021
1010140
11100001
320100100
100000411
21211000
202101100
1011100
1201000
31120000
1040011
101102002
11002210
10004200
103002100
210020011
100103020
200122
200010202
23200000
31021000
1103110
10200112
200101300
201002200
1400002
1222
20100040
400110100
30112000
120000220
40100200
111102100
1110004
1010221
21011002
302011000
2010010
2040001
202000021
4100110
1122100
2001010
222010
2102101
220000120
2301010
2001013
2120200
11210011
31003000
101200003
12400000
2111002
100020100
202210000
11400001
110103010
100110004
22101010
12101200
21011011
400012
320100001
120301
11212
10310002
101040010
31010020
42010000
102100000
101320000
1041100
101004010
101000302
113110000
4001002
120031
11003002
120000121
210001102
200021200
101021020
12012010
21102010
10110121
301102000
1301020
203101000
120101110
130000201
3030100
11100301
312001
40011100
30000022
1003030
101021200
301120
10001014
30001111
103102000
102010120
10000210
11202001
211010011
11301010
100020103
131011
100001302
1103002
101202010
21000310
20002003
4101001
100010212
211000210
2100220
42100
300000001
301002001
10402
32010100
120004000
311100100
201030010
103110001
3000112
1003
100101031
210021100
1212010
10211011
20010013
111010012
2301001
1012012
11000104
100140001
11101300
11001010
21001012
201011020
110000401
4100200
100001203
10210300
10300210
210101200
2001130
201011101
2000104
112100101
20014
1321
120021001
30101101
110011
100210
111201001
110110201
100420
100
210001000
101131
1100122
40010110
10310011
13300000
30011101
3001003
1011040
210003010
220000
2101
20100301
400201
104010100
211030000
301001110
11000320
10210030
230011000
300300010
200021110
101023000
1130101
101230
101020102
11012110
302101000
22000102
10000120
24000001
301001002
112100011
2000221
111120010
20221
21030100
310010110
301011100
200200300
210210100
3130000
102211000
11041000
122101
13000003
2102200
101020030
4101100
200020021
11101030
110100010
1021021
120110011
1003111
11122000
200021101
31200001
202010002
102001003
100210111
22111
20010112
130020001
111400000
300121000
210011200
10000114
30001201
1012120
32011000
104020000
100000201
1202020
110011300
104000002
101111200
101000212
10203010
10200310
20012101
1202101
203000110
312010000
400100101
110030110
111300100
100112002
21010102
10021210
410002000
10011013
41200
10021003
2100121
410000200
100111300
211020100
200102110
102201010
240001
200300200
120000040
201110002
101014000
221001001
10000201
101001001
310100011
111022000
1010041
12001012
10111012
2311000
202100200
311200
22210
1100302
120120001
102004
301100110
310000210
10012210
10131010
110102101
1013101
11104
11200012
220101100
10024
201040000
11210020
101104
2012002
400300000
1410010
2300002
111111100
102202000
100100032
100101010
1010311
122100001
20001301
10300003
2010040
41000101
201300010
202001101
3101011
200120101
110400100
100020211
40102000
10100122
10002022
12010300
301020010
31000
113002
30012001
200003020
300004
201121
1001131
31210000
110000023
200011030
200100130
11301100
31300
23110
12120100
130100011
130201
102100111
2020030
12111010
113001001
30100102
103000000
121011100
120010111
141000010
102002002
1120000
21000112
420100000
110000212
202010101
3112
1111210
111000112
20032000
231000010
120100300
2020111
10204
2021101
240000010
30220000
41200000
301120000
103100002
13110100
100130200
100000132
33001000
1210102
102021001
10010113
230110
221010001
200100310
402010
100040020
11113
1200202
201003010
300101002
121000
110410
110100040
22010200
11002201
10003300
200202010
1010131
12000100
114000010
2011300
11000032
411000100
300111001
301002010
3003001
100101130
112011001
110200201
213000100
201111001
11010400
103101010
111100300
100011130
400000
320101
111002020
11103010
101012002
201400000
11010013
300020200
120001210
300011020
103001011
1010203
100101301
102210001
320011000
1001122
1011130
100003120
11112010
21020011
2101102
32020000
10000300
102001210
303100
200022001
100020310
12121
20010301
120030100
100022011
4000021
31000300
120210100
300220
101130010
110002201
241000000
201021100
210011011
201102010
110100220
10023010
1302001
302001010
30101002
3012100
2110000
2210011
410100100
20020102
10020112
4000210
1000420
320000101
101001100
112012
20110210
101110300
220020010
201002002
2110030
200120020
111200101
40010011
10001200
32001100
2010031
20101
10001041
111121000
200010211
112100002
100320010
100210003
30004
111001210
12200101
10003030
10000024
1002112
400210
103120
112011100
140100100
100130101
100110400
100101112
34000
111220
400000000
10040101
11203
203001100
310101010
114100
100120120
31111000
102001201
20131
211011001
101100001
10010140
200110111
301000111
20000311
20011102
101003020
3000103
111000310
1021111
312000100
120010102
201022000
34
1001041
210200002
3101020
300210010
1210030
200020210
101100103
110111110
301003000
20200000
310101100
300200011
30010300
1400020
211020001
131020000
1011022
10110010
13100011
200011012
210100201
2210002
21020020
12000040
110010100
400101100
11110111
101203000
10013101
10003102
1001320
30202000
14020000
310111
101220100
20020120
2022010
12220000
30121000
300112000
200221000
101002210
120020020
300200110
30010000
110122000
104000101
102010201
100400002
200020201
131110000
102100021
10120210
20010103
200121100
204000010
320020
210100210
112000102
111010030
200300020
200003110
300000013
121010101
3301000
100012111
11030110
203002000
120120010
300130000
111012100
101203
21012100
23001100
13000
200004001
310
11000302
10040200
1111300
220001002
111010300
310000012
400000021
20110030
111110002
21101110
410200000
3010003
1000003
203020
21001201
104001010
202100020
3000220
11023000
101010202
21200020
22020010
20003200
300202000
301100101
100200112
10100110
21001
22030000
20010310
2020003
21100003
2122000
101130001
1111
11110021
1203010
30000301
41100001
2020300
14001010
220300
130111
303010
1121002
113000002
20010040
1020301
42000001
301000030
400020100
111010
1201120
2004001
220030000
120220000
30100030
10030003
300002020
204000100
101111101
2010211
330001000
1022011
110201002
100100023
10130200
21310
100400101
41002000
110211010
11110210
41010001
13000120
12000004
20211100
201003001
100203001
201013
10033
11120002
1131100
1041010
30001012
111001102
110002012
11100100
202000000
101300110
200011021
102100210
140000110
110000221
102121000
200121010
1021102
11010121
11011012
2010001
121201000
121003000
102003001
141100
10102030
101100100
13010002
12010120
321100000
110010040
100213000
200201200
100201201
101110102
111100012
100111012
10210
21110110
3004000
30210010
10203100
110002021
2230000
120003001
1100113
10104001
1000012
320000002
4120000
30004000
100003000
300000004
100012210
14002000
300130
1042000
111000103
222001000
112110010
20004001
112010200
200032000
110212000
4010200
100102210
10020022
210101110
111211000
20302
21010201
1301011
101200120
120011101
102001102
14000110
202030
10101121
112201
400120000
201020002
114001000
3001021
32011
142
10001002
122000011
201010300
113100010
200100301
11102020
100000312
1110100
10213
10300000
10002202
110010112
12010000
100312
110131
310000102
20110300
140100010
40100101
101104000
1011310
10210003
10003111
20310010
102013
301101100
2401000
410101
111000022
310002001
21103000
120000310
120110200
212100010
110120110
101021011
300200200
203000200
120020200
121010200
102010030
12130000
200211001
113020
33010000
10013110
100002121
120110101
31101001
10041010
21010000
310001020
2200030
12100030
1020100
110021011
412000000
30101011
200100220
1400101
100003021
21102001
330000001
410100010
300001030
210002101
2300200
102010003
102002011
200230
203001010
10003021
3100210
14011
201101002
10131100
22000012
101020021
310010101
141010000
20023000
201010210
200032
12010210
11020102
1001020
230020000
110004010
300110011
101000203
1000033
202110010
101101003
310003
20041000
11003011
322
2220100
22201
110022010
10011001
100102000
2000410
2030200
4003000
3021100
3101200
111201100
1123000
21121
22100020
20002300
10003201
10121002
220200001
400010002
210000121
100111201
133
112001200
10230010
100000000
400000120
101230000
1130110
102400
210030010
4010011
202101001
11002030
1204
10001410
210010102
2000113
1110211
11011210
40200010
110020102
10000420
13000300
10011004
211021000
101010400
100003
12002011
102201001
10021
211001110
220020001
13111
31200010
12102100
221200000
21013000
103101001
120021100
100103011
11102200
10010320
210040
210121000
103000300
110101003
230002
100200001
100110100
11100010
21004
312100000
202111
111000013
100102201
1300300
400001101
101110030
3101110
100100014
11201110
121030
20100112
210300001
200030101
14000101
100103110
12200110
10312
1000132
20300011
401000011
240100
100012000
11030101
112000
1002001
14110000
211200001
100010011
11210002
1221001
210002110
100001041
4102
100000024
10002310
1104001
311002000
302110000
31011010
300101101
41110
201120010
13101001
2202010
222000001
300010300
120001300
110111020
2010130
11300200
1020400
212010010
210202000
10032001
3210010
31002100
200022100
202000201
320200
200211010
101002
1101100
120010021
130101010
100110022
101021002
10020130
1000231
101020000
100001221
1222000
210102001
113011
110310010
120000103
101201110
2032000
223
20000122
13000030
111001021
400000030
120110110
203010001
12100120
40201000
120200110
200023000
211012000
101300200
3100030
10400020
20100400
200301100
102010012
120002020
100202002
211102
22
112010101
1030120
1210021
30400000
10210012
31010200
20101000
21000121
10101004
20002000
10
310100101
220010002
102200020
410011
100010110
21022000
2020120
113001100
200020003
121100020
100110202
1100200
10040110
1200112
2101201
200230000
310110010
101002000
11200003
111001300
10100032
120012100
200220010
100140010
100012102
41010010
2110021
100012
2000011
13010110
12300001
11002
30020020
300002110
111022
201103000
211000030
210040000
111103000
400000012
102220000
122020000
300100030
201100030
102002200
101101000
200101102
100101001
31001101
130300000
30100201
220011100
400102000
41000011
200001100
2010103
11004010
1320001
400000300
130010011
41000002
20012110
102004000
212001100
3200011
102110110
1012030
13010011
10022020
230000200
400012000
204000001
100000
100201111
1401010
11100220
1010101
124000000
1011004
110020120
140002000
400201000
201010000
302001001
4101010
100310101
110101021
130003000
11010022
101200102
210010021
300001102
21010111
300100102
10100011
30001300
110113000
300000103
200001130
3210100
2031100
103010011
12020101
310000300
20001202
1020202
400102
20100103
300010030
200000230
120101011
101030101
200110120
20104
100101022
13030000
20010001
300300100
210020020
110002030
20104000
1122010
20201101
110040001
122010100
4001200
2201200
10131001
100020400
101120011
100002010
100110010
300102010
100010131
13000201
20301001
210012001
10020031
101003011
121100011
203200
310201
10330
110130100
4021
110100001
30002101
20002012
30201100
11100013
10100101
1401001
230200000
111112000
120000202
3100003
14100100
12010201
2103010
100303000
401001010
200002111
2111020
141001
112020010
121000120
2102020
240010000
110000101
102022000
3002020
202002001
101003110
202000102
100110013
120112000
10121101
111000010
311011000
2002111
102000103
100230001
101400010
120103
31300000
200000020
111100030
220011001
40210000
4102000
101001112
1023100
231000100
10400101
100002031
11101003
112001002
10020301
200120011
210004000
201101110
110112100
300100
101120020
21101011
110022001
22000003
114000001
13102
101100211
1
20100220
211011100
112001110
14010100
22200010
10012000
32001010
20301010
101000200
10240000
1200211
1020001
410100001
111130
411001
10120003
11040100
211002010
2041
11200
1000141
400120
2100022
100000231
20000212
10020220
210121
200001112
202020001
101001040
100103101
100010200
111101020
110010022
1002130
100411000
101200210
4011010
3030001
101000020
102000121
20110
11212000
122100010
40001200
23011000
31001200
120201010
220000102
102030001
201012100
3002101
301030
111030001
130101100
200210110
211002001
12210100
10202101
10120201
3102100
2122
100012021
20100130
200000122
110021200
100101220
11310001
310001002
102100300
200301001
100200013
101100400
12200011
123010000
3011101
101000014
101102110
2320
21012001
210013
141100000
131000101
210100030
130001011
21010300
300101011
100100230
114001
142000000
11111002
21002110
10020040
21010021
301
110002003
110221000
211010110
21003001
1000321
410000002
20000221
201020110
101000221
100121110
111200200
210400
100100011
210011101
21012010
11010103
100220110
1113100
130100101
101113
300220000
120011110
300000112
201000010
131002
1300
101220010
221000101
30100012
101002102
2001022
140010001
310021000
200020300
1420000
101110
111100201
110004001
113011000
211010101
203100100
302100010
100311001
1120111
10201102
10020400
100001410
40021
10010131
100131001
11000041
31002010
2000122
23020000
1300111
12111100
300310
11000122
13001020
410001010
20001103
10022110
130000111
130012000
310002010
211201000
202102000
4010020
100120030
20010010
30300100
1200001
10010101
210300100
101310001
10400011
100000012
20203000
211011010
101301010
102102010
100230010
20103001
220102
300101110
300201100
1003000
3002002
2101003
10120030
110202010
20110021
23000020
4000003
2000230
201100102
101101012
220201000
23101000
300301000
200030011
201300001
2022100
301000003
110110300
101011120
100110103
10110001
2100130
101004001
10141000
130010101
301110010
133000
100012012
102102001
400011010
300010102
1000300
101210002
22100200
120100102
1001203
232000000
303000100
200200000
30100111
120000001
1411000
200010004
10012003
301000000
2100013
2113000
1011211
1210300
1040002
12301000
12011002
1200310
1030030
200101201
10103020
111001003
412
10102012
11200300
200301010
300000100
313000
101010004
12000220
103003000
21100300
221000110
210111100
100114000
11032000
111101200
3211
320000200
101011102
20130010
110013001
10010221
102300010
