2400000
3200301
34020
3030003
320004
300222
2031003
320400
100323
2103
3210003
3222
132
430200
423000
220203
120030
204
4230000
3210000
1330002
300330
3020130
3020022
2002203
1000200
3120000
3200220
3013200
2020203
133020
304020
102300
12330
2302020
33120
230100
2013300
300033
220302
330021
22320
2202300
3021003
2020302
2020020
20403
30201
20043
2103003
3022002
231003
200313
3302010
3230100
2031000
1023030
2033010
33003
303102
100032
4000002
31020
330030
2023200
1003320
3000312
234000
4200000
3230001
1302003
3031002
2020032
2003103
230103
202230
4003002
100203
210300
230301
300210
1002033
2000202
2223
1332000
301002
300402
22020
203202
420000
312300
103320
100230
2230200
2030103
3010002
2100300
3030021
2300004
2030022
1003230
330120
100302
2400300
30240
3010320
203100
102000
2010003
2002230
103002
22200
21033
2203020
2303100
323010
300321
13032
2220030
1023003
3003102
1230003
3042000
3004002
312000
3000030
1030302
3002031
20310
2340000
3020301
3000024
32301
3100020
103023
200202
320130
4000032
2022003
1030002
4002000
33000
22002
1302000
230031
20400
321003
3020103
3030012
2000133
22023
33012
3320001
3402
2220
3240000
3402000
3200400
3010230
1000233
402300
400200
30210
4000302
31230
3000201
1033200
204030
203130
21000
20304
1300302
1000323
230130
4320
3000402
100020
322200
220200
23040
3000213
2000304
320040
243
4003200
202200
20340
3202200
2100003
1002030
2000331
400203
310302
31002
30213
4203000
322020
223002
23130
2030220
230010
2331
2034
213
4320000
2403000
330000
3200100
3031200
320013
4030020
3222000
2200002
1000302
402030
20031
2322000
3001302
2000043
3210
30033
3001200
203010
100320
2001
2331000
3032100
302010
30042
3330000
2003100
340020
331200
302103
202020
3020400
2200230
324000
300201
200034
23202
234
3000330
231
3030102
1020030
30132
2010330
2010000
3040200
3033
3000204
331002
320022
3123000
3210300
213003
200430
2000022
2001033
2030004
1303200
2103030
3004200
330201
320031
200400
200001
4000020
21030
1000203
204300
2300103
2300010
123300
200100
3302001
3102030
1033020
3032010
2000034
1023
1330200
2301300
102030
2313000
2010303
13320
3213
2034000
3302100
1000032
130002
10002
4002030
323100
1300032
2032020
300
304200
4000320
33
331020
402
1300200
2043000
313200
320310
200310
3310002
203103
30321
2302002
321000
313002
20013
30000
1003032
2000403
3000021
23001
20331
303300
3010020
3300
3000222
222030
31302
1230
321
1023000
3300210
200340
2223000
1332
230310
220020
202023
23103
2322
3030210
312003
4000230
310200
24003
13023
3002013
200031
40002
230040
201000
213300
300030
132030
210303
130032
200232
20100
2100303
3100023
2000010
222
3202002
2202000
2003130
102003
333000
2010030
342000
240030
302013
3100002
1032000
430002
3201000
3020220
2001300
232020
310320
20034
303000
3100032
2000322
34200
3132000
2130000
2310003
2000130
400020
330012
20313
4200003
3301020
120033
32202
3000003
2031300
2013003
2003013
300012
3301200
3020010
230202
330102
210030
304002
1302
3030000
3100320
300003
30102
3030300
2022030
2004003
1000020
2340
3200040
1003200
2000004
400302
103302
4020300
2100030
2023002
1003302
432
3300102
2004300
3030
2002023
3000420
302040
10302
3120030
1020003
1203030
2003301
400032
310230
320103
42003
20130
3213000
2040300
1002300
2001303
2000310
240300
120303
203001
4020003
3420
30123
3020100
1002003
202032
10332
3300030
30330
430020
120000
240000
301230
42000
40203
2300100
3231
4230
2202030
2020230
3002022
3003
2000301
200130
3130200
3201030
1030230
201300
100332
4032
1230000
231000
120330
203310
23220
3003210
2300040
3012030
130302
302004
200043
12000
10200
4030200
20430
2032200
222300
21003
2430
1302300
2020023
3003021
400230
303210
23022
2232
1032030
3200031
3012300
3032001
32004
3201
2310300
303201
300300
2030400
3030120
3001320
320010
200322
1203
2133000
3200103
3002001
21330
10230
4200300
310020
1003020
3321
3024
30300
2310000
3200310
2000340
3000042
4032000
20004
2030130
2003040
102
1300020
2303001
1200330
40020
21303
10203
123
2430000
3010200
2004030
223020
40032
3310020
3230010
2003310
2400003
2301030
2003202
3002103
200103
32013
2330100
3000033
2130300
120003
301020
23310
3033000
3022200
231030
300312
1320
2300001
33030
300303
102033
1030203
3102300
2300310
1020303
2030010
340200
4020
2301000
1020330
20001
3013020
3300012
3002310
210000
220002
40320
20220
2004
2230002
2000031
233001
2030013
2002200
3002100
24000
30204
4200
3021
2300013
2000232
32010
3210030
3330
3030030
200220
2301
340002
2330001
2300220
2020200
23301
3320100
123030
213030
332001
3120
210
321300
303030
2200020
3023100
330
302310
103032
3102
3220020
2300400
1020300
1002000
130320
203301
3103020
420003
10320
2200302
2302200
3012000
323001
230400
300120
34002
32040
1323000
230013
43020
3320010
3000102
2030001
2010033
3003012
320220
1233
2013
3201003
2000313
3312
24
3010032
3310200
2203200
3020310
3002220
2003004
3400002
1230300
2310030
2220003
303
400023
130230
330300
33300
2000040
20232
3102003
3003003
2030310
320202
3130002
202320
3000231
200304
2330010
2001000
2002320
2000103
4300200
3003201
213000
301320
33210
2033100
3321000
30312
4203
3240
4000023
223200
32220
20223
2200320
23010
2030100
1032300
1030020
2002020
420300
13200
10020
42
1320003
1200
1002
4000200
1330020
2032002
222003
22032
3003000
1200300
3024000
3002130
230001
21300
2320020
2002032
2300022
3020001
2030202
1203300
3301002
1300203
2000013
132003
310023
100200
3312000
2400
2002002
120300
40230
30402
3103002
102303
203013
20103
2200023
3000
204000
300231
13002
220320
3023001
233010
12033
32031
20202
3200004
303003
3010023
3303
3001002
13203
4000203
4020030
1000002
302220
43200
32130
4023000
2232000
2130030
2022300
3000303
1233000
2300301
402000
220230
3123
4200030
420030
300102
423
3000321
301200
20133
3002202
3002040
301032
203004
100002
30024
1032003
3000240
220032
13020
3003300
3200202
3010203
2030031
1320030
3030201
2020002
133200
210330
130203
302100
13230
3200130
2200032
1020033
1000230
403002
202002
3100200
200022
20040
300240
1303002
2202003
2300130
432000
4030002
130020
23100
10032
2403
1032
3130020
1320000
1200033
1000332
1000023
240
2100000
2003031
2001030
4023
1302030
201330
33201
1300320
1003203
20322
2013030
3020202
2000430
2000220
232200
310002
2400030
3203010
103203
2202
324
3201300
3203001
1200030
3021030
1002330
200301
300204
22230
1230030
33021
403200
230022
300024
200004
3202020
3100230
3040002
3002010
301203
30231
3420000
2013000
332100
220023
300420
30021
2040003
2100330
2003400
3000132
30222
4300002
3400200
3120003
123000
203022
3300003
3021000
1023300
3004020
2001003
1000320
2100
3000300
200223
31023
30120
4020000
2320002
1303020
2000001
42300
3300300
22302
2031
3200001
303120
303021
120
400320
3000210
333
321030
32100
10023
3001020
3022020
2003022
132000
103200
203400
1203003
3002004
243000
310032
1020
3203100
2200203
30030
240003
302031
330003
2000100
2000400
302022
2133
3002400
2220300
201003
3400020
202302
1030023
3220002
200331
12303
3204
1300230
1030200
2003220
3042
3023010
3000120
230004
12
1020000
32001
4300020
132300
201303
13302
2000223
3
302301
40023
32103
2220000
1003002
30
230220
3132
1003023
302202
32022
300000
403020
1300002
2001330
3003120
300021
1200303
3300021
402003
302400
40302
4002
3220200
23004
20010
2022
130200
2002302
303012
24300
2313
2304000
1203000
3200022
133002
203040
21
3120300
1030032
301302
300123
22203
10323
4302
2040
3200010
2022000
2031030
1030320
2103300
2103000
1300023
2300031
210033
201030
200013
3012
1320300
201
2020320
200403
200040
2033001
2003001
400002
3100203
4002300
3001032
202203
200010
4302000
302001
43002
23031
12003
313020
2040000
3013002
2030301
3001230
204003
300213
2203002
2200200
3300201
300132
20301
30012
3300000
3103200
3021300
3010302
3020004
102330
31032
1323
3102000
2304
2003010
203031
2303010
201033
30420
10233
3003030
3200013
320100
103020
31200
4003020
3031020
30303
3000012
302130
200133
32310
3204000
301023
31203
2310
1200000
3300120
2100033
30003
320301
130023
40200
2043
2301003
2300202
3012003
3001023
0
222000
23013
312
3100302
3001203
123003
320001
203220
33102
2023020
322002
300042
100023
31320
2010
3040020
3231000
2130003
3020031
2004000
332010
23400
342
4002003
330210
42030
12300
1200003
210003
100233
3303000
3000123
24030
2010300
2320200
3020040
1002303
233100
312030
3000000
2130
310203
32400
232002
2040030
231300
20022
420
2230020
2030040
3020013
3002301
103230
12030
1033002
