3004000
3000040
4030000
1303000
2002003
3202033
3020203
3033031
2303023
2000302
23200
3030202
303130
400303
3002002
300310
1003333
3133030
103300
320023
3002233
3232
3330001
2330020
232303
3320002
310000
10330
10033
2203033
3403003
310030
13303
13003
4033030
2230330
303232
40000
3032230
30022
3232030
232030
220330
3340300
340030
300001
3430300
3004303
32020
300133
1300030
20023
303202
300301
33304
3203302
3200323
331033
330103
300043
3000031
2323000
3343000
10333
2230
330040
3200320
400030
223033
202333
3023023
30322
100000
3230032
3313003
3003430
3000103
3020023
30433
3430
30013
3003331
20020
302200
2330032
1000003
3202300
3203320
230230
34000
333103
33220
4000303
2302030
1300033
1000330
3202330
3303310
3033004
3034000
332230
3033220
3030010
430033
3020230
32323
3000022
3033001
3330004
30334
2200300
2030200
2002033
2000320
330220
2002333
43300
330010
2032000
2203
2330320
4333
3223
3003340
3004
3030013
2030332
200320
331000
3003202
403
330223
4030330
2200303
2033230
3310033
332200
340
2203000
223030
3023203
3303400
3303022
2002303
32023
333220
3233020
3320302
20002
303040
43003
34330
3030331
2002300
1000333
203302
3004330
330013
33031
2203003
340033
3331000
31330
3333010
3230200
400300
3322300
303022
1003
3330103
330031
1030333
232330
233023
200230
4000
4303003
1030330
433000
200002
3010300
3303004
400033
340000
322330
3330220
3003103
202
4303300
1030003
3103000
22033
300403
430000
3033103
33043
3003004
4033000
1000303
130033
43
33001
1333300
2300002
100300
33022
2020333
203203
43303
23302
302020
2320300
2023000
203323
304
2000332
403000
233230
230332
3033310
100033
3013303
3003403
333001
300040
3100003
433030
3320230
310333
3300022
2030320
43030
23002
303043
30001
4300330
4003003
3320203
3002203
322
3223300
3203230
3304
4300030
2300200
1000033
3103300
30223
330100
40
2003020
130000
220000
3020302
3034300
3023320
20233
302233
3020323
323320
333100
4000300
2300323
2000200
233200
3022033
433
1030303
202300
34030
3030103
103
30043
202003
3332002
3001333
1330
3330100
3300001
331
3200020
232300
230032
310003
3034003
2332003
103030
30100
300004
3400300
430300
343
220
332032
31030
220003
100303
3033022
2000002
322303
3333100
330313
30343
1303303
32032
3300202
3030304
2302003
2000323
403003
103003
331003
34300
330331
3430000
3400003
3130000
3310030
331303
2320030
320302
3002230
304033
3300403
3203200
233203
310300
3301033
3031000
303100
2330023
202303
30232
3000304
3331
2023330
1033030
3010033
3004300
3000430
3230203
23032
34303
3040
3030133
3000322
3220003
22003
20230
3001000
332302
2230033
2300233
2030020
2003302
220030
3301300
301000
302320
3000343
3010
1000000
22030
3034030
2320
3300430
3220
300343
2023030
3100030
320320
40033
3002320
4000003
2330002
301030
3003322
303304
3403000
13033
3031303
202030
303223
200302
40300
2023300
2023003
2000233
3040030
3023302
3020032
3343
3013
3030034
4003030
3322030
3023200
323020
32200
3133003
3022303
313030
34003
3300130
1033033
3400033
3031330
3300133
3320320
3300322
300031
103330
3040033
22303
3301000
3334000
303340
2303203
2003023
3301303
334030
3033400
3301330
3032200
30313
2330302
3133300
203023
3300400
3400
223000
3300313
3003034
300223
2020003
3320023
3022300
3023020
32233
3313300
3000130
43000
3003130
303430
303133
300103
33100
4300300
2032300
200203
4033
3003223
3300040
1003030
3040000
23323
1333
30133
2300032
133003
3010330
334003
23233
303310
2203300
2002330
3433000
3013000
310330
30400
3300340
303331
1300000
2320003
2200333
202330
40303
303031
333010
330340
1033303
133330
3004003
304030
33130
43033
3304300
3033301
3220033
200323
100003
3030223
203332
330133
1330033
2030023
3203032
3022000
3013003
433003
400330
33232
32332
2033020
3232003
3320200
3304003
304000
1330330
2300302
310303
3333001
4330003
3130330
323200
20032
3000301
4300303
3400303
33400
3003301
3304030
3001003
32320
4003330
2003230
3100300
3200002
130333
303400
33430
3000034
30004
3310303
343030
20302
2332000
2020033
3400000
3200203
130030
4300
130330
3022003
3000202
33103
30301
1300303
1000300
3000220
3330010
310
2203303
230302
320032
332002
3033100
2303320
2302303
430303
3001300
302302
2003200
323230
43330
3303010
3000043
303220
3223003
403030
3340003
313000
3002020
130003
3023230
3000100
30202
4330030
203320
4303
300334
3230023
3034
3003040
3000004
3202003
10030
3300220
3003400
133
22300
3332200
2023
3334
430003
301330
303301
100030
20203
3302302
3230302
3200023
2032
3303130
3031
1303300
1303033
203020
4030
2020
3202303
3013033
302032
33340
4003000
2032303
1003000
230320
303004
300430
1030300
2020303
1030030
23320
3032020
3330040
4003300
2203030
3230002
220303
22333
2330203
3400030
3320032
3300100
30220
330304
3001
3220030
3103030
133000
304303
300322
2003332
3202030
3032203
32302
3430030
100
20320
2320033
1030000
3100333
300400
430
223303
233032
3301030
3040330
322033
3330400
330310
2233003
2300023
3100303
200023
30130
332203
3322
22
2033200
2003323
202000
320020
23332
3303031
1303003
340303
302332
31333
3000313
1330303
3013030
313300
33301
2230000
4003
3303103
33403
230023
3320020
340300
2233300
433300
230020
23020
3000010
4300003
2302300
2000023
320203
300022
3000232
300130
33223
2333002
2030203
22330
1030
3030430
3202
3302023
3003232
3003010
1303030
3220303
3023032
3010333
23230
2020030
133300
22000
3300304
4003303
1003300
3020233
343000
3030001
2020300
334300
3130300
200233
10003
3300331
2233000
2033032
103303
330301
40003
33034
2030230
403303
230203
4033003
2233030
2302330
2303002
2033002
3310330
2332
330001
2333020
2330230
133303
3313030
3030322
322000
3340
1300300
233020
3340000
343003
3030232
3033013
3300004
3031030
301003
300013
3030301
2032330
3200233
230323
200332
3020002
3030004
301
2032003
340330
3304000
330202
303403
3130303
3030313
2320303
2300203
3020332
323002
3003100
3330310
3030043
2203330
2302033
2023033
2030323
230233
1333030
2033203
322030
430330
3403
1033003
3233200
323203
303034
1033000
3220300
3310300
300220
323032
31033
3303100
4030300
2323300
1330300
220033
200020
33322
3430003
3040003
3022
333004
3300310
30310
4000033
2003320
3100033
400333
40333
2200033
3010303
301300
3301
2230303
2032033
303013
223300
40330
3033130
333202
3000310
3003133
3433
34
2200330
3403300
220300
3040300
3002323
2030233
3100330
400
3230230
100333
3022030
3001030
33202
303313
323302
31303
3033202
3000400
303103
2323030
2032030
3022330
3301003
3300031
3030400
3000403
330400
3103303
340003
3302200
301303
3030100
3330301
2230300
3010000
3030130
30034
1330000
20323
332020
1300
333301
33013
30040
3000001
4030003
2230030
320230
13000
32002
2303032
100330
3313000
3332020
300340
2200
3303040
33331
2332030
2300020
3133000
3200032
3302002
3232300
403330
202033
3323200
3030310
1003003
3010030
330232
30403
333031
3004030
3000334
2302000
2303020
223003
200032
323023
3331300
3001033
3003043
330022
230200
103033
203002
3023002
3300103
3003031
3130030
103333
3020020
3030220
330403
330130
303010
303322
1033300
2020330
3200302
233320
3020320
2030032
320233
1000
3302032
3032023
330430
313
33040
3303001
203032
3310003
3031033
3001330
3000133
3300034
4
3130003
3002023
30103
333310
300313
2200000
13
1300333
2003002
233302
3013330
3002302
33004
2303302
2023303
23203
3330022
3003022
1030033
1003033
3200332
10303
300433
133033
103000
3013300
3030403
1
31
1003303
3103003
430030
3040303
301033
4003033
3203020
403300
3002332
30010
3203023
232033
3003313
403033
3032320
3043
30430
2003233
3202000
233002
2233
333400
1333000
304330
330034
30331
3031300
331300
31000
2323
3003013
3203002
3340030
310033
20200
3003310
232003
203200
3330130
4330300
2030002
2003203
3200230
223330
3300232
333022
2002
2303200
2002030
3130033
3203203
3322000
304003
33010
300034
3232000
302323
1033
4033300
200200
3323002
334000
3330031
3330202
223
4030033
2030302
2000020
203233
10000
2003032
3100
3300013
2332300
2000203
300100
3330013
232000
40030
3032032
3030340
30340
2320330
3400330
3331003
3103
333040
3130
2303230
230002
3043030
322300
331030
3303301
4030030
3043000
3020200
13330
10300
13030
3331030
3302020
4300000
4000330
313003
320200
320323
333130
3003001
400000
31003
333013
3300301
4030303
332023
300202
130
3001303
3002032
32203
1330003
1303330
2300320
3230320
3032302
3133
3030031
30031
400003
13300
33133
3030040
3220000
3303220
10
3030022
3233002
130300
3000331
2330200
2300230
322003
3004033
3300010
2200003
2000230
302203
3033010
330043
2323003
1003330
1000030
3100000
3220330
4000000
2333200
31300
232
3310
1333003
2033320
3302230
3002200
33313
3300223
3403030
320332
3302203
3032002
332320
130303
320002
13333
32230
303001
4333000
4303030
1300330
304300
3303013
4000030
313330
1303
30304
300331
3103330
203230
3033040
300010
3003304
3103033
3043300
301333
2033023
34033
3003220
334
3000013
330322
33310
220333
302002
2302
300304
4330000
2320000
2020000
343300
331330
4303000
3043003
302023
4330
3303202
2033302
313303
302230
3313
3000340
2300332
1033330
2000032
3230020
23023
2230003
3223030
3200200
330004
1330030
3010003
3031003
4000333
3323020
133030
3322003
313033
3000433
20332
3000223
4300033
3302320
300232
3300043
2200030
1300003
2002000
3223000
3310000
