1103100
312
1201101
4002000
132000
1301001
2004
111030
100131
200100
1110
3020010
1101030
1302
22020
3001110
132
2100111
1410
1101300
2000130
200001
110301
112200
2100012
30201
131001
1010040
220011
1200000
1101000
21003
1111200
1210101
13110
202200
2002011
11211
1120020
1130001
2002200
3002100
1003011
123
11112
400101
310101
11004
1011300
1001220
1121010
1111002
1011120
3100011
222
11100
2220000
1101003
2211000
30012
1211001
1220010
110013
1300020
2100003
3010020
2000211
3002001
3011010
200112
10311
3003000
2011110
1002000
202020
4020
210102
400020
10002
1102011
4110
40020
221100
1011012
10104
3000300
1300002
1100040
1022001
30120
113100
2110110
2301000
1000200
201021
10014
111102
303000
1210200
310002
1010130
101301
1021011
141
33
100023
2000013
30021
1310010
32010
1010031
1004001
1002210
410100
100401
2040
3100020
3200010
2031
122100
10212
2100000
3030000
1020000
1011030
12012
21030
121200
3
2130
1203
11400
21201
1001112
3010200
302010
1110201
11022
20211
111210
301200
3101010
1021020
20202
21
210201
2120010
1102002
1000302
202110
2101110
1200030
1011210
1101
2010003
10020
2110200
210030
30210
3020001
1010202
1121001
1201110
14001
21111
1100211
1200300
3110100
102030
4001001
1004100
1000104
103110
11130
2030100
2010201
20031
3001011
110004
300111
10122
2310000
202002
1020210
3000000
1200012
100122
2020020
1100202
2100102
2021010
410010
41001
301002
24
1210011
1012020
1032000
320100
200010
20301
1003101
2000121
21210
2210100
1000020
3010110
200121
111201
2100030
10320
2020011
2000010
1010400
2111100
1101021
200031
1121100
102
230100
2210001
2000004
1022100
1020
402
4200000
4100010
1030020
20400
1001121
2103000
102300
12030
1011102
1212000
220002
22200
1120011
3001002
30
310011
2020200
203100
4001100
2003001
100140
31110
4020000
2200011
12003
1004010
1020120
100014
3000003
3110001
1001400
1131
3110010
3000210
1020012
4002
130011
11220
1100004
1000401
110112
1130100
13002
101022
13020
1110102
1012011
2000031
1001103
201
3002010
1200201
2010012
120021
14100
1011003
1010010
1112001
1113
1320000
2103
202101
1021110
20103
1020201
1010004
1000203
1001100
3021
100110
22110
2112
2110020
2020101
1001001
420
1120110
1101012
0
114000
122010
20121
200301
1100301
2021100
1020030
1200021
2210010
100302
1010100
3100002
203010
110040
4101000
1001040
1012101
1311
120003
210003
2101002
2000400
2010000
1012002
2012001
1014
21300
1002102
103200
3000012
202011
1221
30300
1001301
101010
1003200
100311
1200003
13200
2300100
100230
31020
23001
13011
231000
3012000
1110003
2011020
32001
1001031
1000410
100200
1200120
12300
221010
101220
1100121
2040000
2001111
2120100
301020
210210
101103
301101
11001
1122000
2112000
30003
1030101
3010002
1040010
10203
1003110
120
140010
104010
1001022
210021
102111
310020
1201200
1040100
1002021
1201011
4000002
2101200
20112
303
21021
1013010
131010
22011
1104
112110
2100201
4000011
101100
1010001
1000221
112020
2021001
1000212
102201
210000
2030010
1220001
4001010
42000
1002012
12201
2030001
102003
1013001
111300
1200
4000020
3020100
1103010
401100
1202001
1023
1203000
3100200
2001000
103020
1030110
1001004
310200
1020300
22101
1103001
300
2000301
4200
201111
1001010
301011
2201100
401001
103011
1003020
2101020
1100031
1010310
130110
100020
1030002
2000220
410001
2111001
120111
3000
2001
100113
21120
1140
31002
231
1011
300003
1211100
1210110
11301
1040001
400110
100002
1110012
3120000
120300
3100101
10302
110202
1101102
111120
2003010
1011000
23100
1020102
2001210
10221
1311000
12000
122001
302100
1201020
21000
110010
201210
101031
411
210
111003
110220
2200200
1002030
200202
3010011
3102
110022
230010
1301100
20040
1200111
400002
130020
1020003
204000
401010
141000
330000
302001
3001101
140001
201201
110211
2202000
130002
1002003
311001
101040
10131
2002002
1100100
1013100
1010301
40110
1010121
2200020
2110002
22002
2002110
2301
300210
1000101
11013
1122
1210002
2003100
2202
3300000
1023000
201030
1300101
40011
1210020
201003
300201
32100
1000011
3100110
140100
131100
11031
300030
1014000
42
41100
420000
210300
2010102
311010
1140000
230001
200220
200022
103002
1100220
100221
11010
211110
3102000
4010010
110100
4011
204
210120
100212
1041
402000
1401
1310001
2102100
2201001
1100130
3000102
1002201
100410
2000001
1031010
31101
1030011
12210
1130010
1100022
20010
3120
2031000
1020021
1100112
21102
2300010
3000201
3012
1000110
110103
1401000
2001030
2001201
1120101
10011
1000122
200211
10110
121110
211101
1110000
1310100
4000110
2001021
1104000
1201002
3000030
2100210
2000202
104001
102102
111021
4100100
222000
2000103
1200210
2200101
120102
110310
1101120
114
1120002
101001
100104
112011
2001300
1003002
2101101
130200
2010030
211020
100101
31011
2121
1100001
2012010
1212
321000
4010100
1010112
4100001
1001130
221001
220020
301110
102021
111
1400100
3111000
1300110
1000002
1012200
2011002
1002
212100
101013
211011
120030
3001200
300120
2100021
3011001
1230
120120
110121
210111
1220100
100320
2121000
1000032
20310
10101
101121
200103
1230000
320010
300012
30102
20013
400011
10113
2004000
40200
2111010
12021
4101
2022000
1300200
3200100
1030200
3000120
2010120
2001102
1012110
2102001
100203
10023
2100
3021000
2000022
20004
2400
1110210
110001
30030
2201010
20130
14010
112101
2013000
2102010
1000113
2000112
1001211
101211
2000100
4000101
20100
101310
102210
10410
4000200
3101001
10200
2010210
211002
12120
1131000
2010300
120000
240000
1021200
20001
121011
1102020
321
102120
103101
300000
200013
3201000
1110030
120012
1010211
12111
1100310
311100
112002
220110
12102
240
212001
1020111
201300
2013
110031
10041
2211
3111
1100103
200004
220101
411000
1002111
1000320
2000310
1111020
2001012
111000
23010
1032
3030
1400010
1000311
1000041
12
120210
201120
312000
1120200
1100013
31200
11040
10032
211200
3101100
101400
3210
1102110
11310
213000
1320
121020
1211010
101004
1000131
2400000
4110000
3200001
1301010
203001
2011200
3010101
30111
11121
2120001
20220
101130
1102101
2001003
2012100
10230
1010220
1100010
210012
104100
1101210
3300
300021
2002101
2022
113010
1110120
30000
1102200
200310
1101201
13101
1011021
400200
24000
41010
1410000
130101
2110101
2130000
2000040
1112100
1202100
3000021
1010013
1001310
1021101
10140
100011
1302000
2200002
1221000
320001
1031100
212010
120201
40101
2200110
1002120
1001013
2011101
2100120
1000014
2110011
121002
200040
2020110
2010
201012
220200
2020002
1010022
101112
2300001
1002300
330
20022
1110300
110400
201102
1113000
100032
2101011
1400001
1100400
1041000
3011100
1010103
2010021
10401
4011000
4010001
3003
213
3210000
200130
40002
300300
2002020
11202
200400
1000230
1200102
111012
123000
102000
3001020
1031001
1000140
1112010
1011201
11103
2011011
121101
1202010
1022010
110130
2010111
102012
2100300
1021002
2220
3201
1001202
310110
1110021
1300011
101202
100041
201000
2310
3000111
33000
1000023
113001
21012
300102
2001120
