2200010
2002001
131000
12110
300020
401000
1210010
1200110
121100
110000
1210001
1202
201101
200111
3101000
3010100
1110020
103100
3200000
1031000
1010102
201110
1211000
201200
1100102
300110
1004
410
320
1100120
1100210
100001
31001
1003010
203
101003
1200101
100040
2003000
1000001
2001101
2102000
3000011
102020
100103
40001
2021000
1001000
1102010
21011
122000
1022
112010
10211
1010000
2000
212000
10004
1000100
1031
130100
20201
101012
2001200
104
22010
210011
400010
220100
101030
1101020
2101010
3100010
1010003
110300
202001
2011100
2201000
110102
4000100
113000
30101
1020011
2010110
4001000
3002
111020
201011
11012
1202000
212
20000
1000103
11000
22001
1020101
2000210
1001120
122
203000
1020020
2030
1000010
12020
1100300
1102001
10310
2200001
2000012
1021100
1100012
1010210
3011
1200020
131
221
120110
101102
302000
2100200
1010030
2020001
220001
20012
3000200
23
1000013
301001
100100
1020110
1310
101
300200
23000
1000310
300011
2100011
121001
120011
103010
230000
200201
100031
200012
4100
4100000
3000002
1030001
110003
1010120
3000110
3110000
1003100
12002
1012001
200300
1020002
1001300
2001110
111200
1000040
1201010
1200011
20102
1010012
2300000
2010002
1021010
1000220
1120100
1101002
2102
110210
1220000
100220
10202
1002011
211010
1100000
32000
2010011
101120
200
1000130
2012000
2000201
202100
1010
20
2110010
200210
11210
320000
3020000
230
21110
1211
1400000
2120000
1102100
1001210
2021
200030
1100201
100022
1011200
1002020
102002
100013
3200
3001010
1000031
2000111
1121
310100
102200
2100020
101000
1012100
11201
1040000
20120
140
3002000
1002002
311000
2101100
14000
2000030
2000120
11003
20210
1201001
10301
21101
1130000
4000010
1001003
3000101
103001
1003001
130001
2101001
2011010
2001020
302
104000
14
10121
1004000
130010
1201100
100301
210101
1310000
3001001
100310
13010
21020
202010
300101
41
210110
32
410000
22100
2111
2001002
2110100
40010
3110
2000300
20030
210002
21002
3001100
10022
1301
2201
1100
1103000
2010200
10001
4010
101201
1300100
2011001
2001011
1040
113
3020
120002
100202
1100021
12200
2020100
1000202
1010201
10013
110021
100400
2100110
3000020
400100
1001
100211
1002200
12011
101021
31100
211001
1000211
4010000
2200100
310001
1011002
1400
102101
110
100121
200000
1301000
1100003
400001
1220
2
1112000
120200
2110001
1002101
1300010
1020200
10112
1112
100010
2120
1000112
101210
12101
2300
1013
2000003
1001030
201020
4001
11120
311
120101
1200002
1110002
2210
10010
20021
1010021
1200200
3011000
2010020
1000400
1110200
11030
2012
11102
20300
2003
30020
140000
10400
1130
100112
1022000
1030010
110030
11021
2000021
210200
1001021
2010101
2030000
1120010
200102
41000
40100
210020
1010300
1013000
10031
301010
200120
1002110
11
110012
1001012
121010
1100030
30002
3010001
1101200
30011
1121000
1000121
10130
200003
2020010
2111000
310010
13100
20111
112100
111002
2002010
10100
30110
1103
3010010
201002
31010
13001
112001
20003
11300
10220
3101
401
1001102
102011
3100100
3100001
1000301
1120001
100004
2000000
300002
4000001
2000102
102110
100130
10040
110120
221000
1210100
120020
2100101
21200
1300001
1001201
211100
1000004
101300
1021001
1030100
200021
2002100
1000022
10103
110201
2210000
2100002
30200
1011020
1012010
220010
301100
