2000020
20020
110110
10111
300010
1200010
1002100
2001010
1001011
1020001
2010010
1000012
211000
110020
1110001
1000201
210010
100210
11002
10120
3100000
130
1002010
1012000
2010001
12010
2020000
1002001
301
10003
10300
2000101
101200
400000
1120
30100
201010
220
21001
20110
1030
1000300
100003
2100001
22000
1020010
30001
103
1120000
200011
11110
101002
200110
21100
1210000
10210
1010110
10201
100111
1100200
3000100
300001
31
1110010
100030
2010100
22
1010011
1021
1020100
4
1111000
10102
1100020
1100110
10012
112
1010002
100120
2000110
13
20011
3000010
130000
2020
40
100201
20101
2110000
12001
10021
101110
101011
1010020
2001100
1011001
101101
1030000
102010
202
1011100
1300
1000102
1101100
2100010
2002
121000
102100
220000
1102000
2011000
1001101
1000111
10
1110100
102001
1003000
1001200
1
1201000
1100002
2001001
200002
1010101
200200
1001002
112000
100021
1021000
210100
2101
100
100102
2101000
201001
20002
1100011
1111
100300
3010000
1003
1000021
310000
100012
121
11011
210001
2110
1102
111100
31000
1001020
120100
1210
11101
103000
1000030
3000001
1000
1011010
111001
2002000
3100
120010
200101
4000000
2100100
1000120
301000
110200
11020
13000
20200
3001
110011
100000
201100
2000002
12100
10000
40000
1010200
3010
1000210
202000
1200001
30010
11200
21010
2200000
2200
1001110
1012
1000003
110002
2011
111010
4000
1200100
200020
2000011
1300000
1101010
10030
300100
400
101020
1100101
1101001
2000200
120001
110101
1000000
310
1201
211
3001000
