42000
23010
1022010
4020000
10032
3001101
2000400
2110002
2100120
1010100
213
112020
2102010
101010
10230
101031
1210200
202020
110400
310011
22011
2000004
3100011
122100
1310100
1002102
10302
2002002
411000
110031
1003101
2001102
401001
100122
30111
2301000
2010000
2201100
3011001
10200
1000104
1010013
201102
1032000
1040001
2101002
1010040
1020000
2002200
1220010
100113
1101
1230000
1221000
210
300102
13011
420000
2001300
1003020
1101003
10212
1011000
20100
1010202
122010
110013
101001
100311
3030
302010
3100110
12030
211200
1401
2211
4011000
1030200
3020001
1230
120012
100221
2130000
4110000
1000203
2100
1000221
1000041
210102
110040
4100001
200301
2011200
11010
4200000
2100012
22101
3300000
1011300
20040
140100
121020
100230
1000410
24
2000211
101130
1030002
2000103
30
20103
3001110
4002000
200040
2021001
4100100
1000230
20022
1100010
1010310
1110
1110000
123000
1200120
1000032
201300
120300
1212000
3010110
320010
1200210
1010400
1001400
122001
3003000
1021020
1103010
10320
10020
113010
1001022
21012
33000
2021100
100014
21201
2220
221100
12120
240000
1004100
2002110
303000
11400
1104
30120
141000
100410
2100030
1120020
400110
130101
101100
4001010
13020
31002
3201000
1401000
111
130200
1300101
101004
302001
11103
1010220
120120
104010
1000320
3101100
1000011
111300
110310
101040
2201010
20301
401100
3111
20400
401010
120
120021
2001003
32010
1003002
2000022
2210100
23001
1300200
3100020
300120
1020012
402000
3100002
10203
1000113
110004
2100021
21003
2130
1203
1002021
1000110
204
320001
1100301
1020120
111030
4000200
3002001
1400010
10401
3010011
2020200
12021
1100100
4200
410001
3100200
2001210
1001001
220200
12300
114000
1020030
1002030
103011
131001
310200
2001030
2102001
40020
1012200
2310
101400
101013
1003011
110130
40002
13200
4011
2200002
2001021
120210
1020021
1122
2003100
2010003
31110
100302
1100031
231
2100210
3011100
102012
3000003
3110100
130020
1301100
200400
3120000
2020020
1202100
21021
1010301
240
312
103101
1010103
10311
3102000
1000014
2000031
1001310
303
3102
2010300
21
310101
200103
100020
20310
1031100
11022
1001010
1000401
301110
100110
200202
20202
2120001
1001004
300300
210012
104100
101103
210201
220110
110202
201120
2000001
12102
1302
130110
1200021
100002
31101
2000202
2002011
12
411
1200003
132000
2301
10002
4101
1023
21120
1210020
1301010
1002201
1000023
1110003
2000010
1113000
2120010
230001
220011
10101
23100
2040
30102
40011
1000122
1200030
2013000
111000
311100
110220
1001040
211002
311001
221010
1030020
1102200
13002
2031000
220020
1003200
2000130
3021000
220101
1010004
1100310
1200000
230100
1101300
12000
221001
2000040
4000011
1200012
200001
210021
1300020
1002300
1021002
1004001
13110
3000300
22020
31020
220002
14001
1202010
1010001
120000
20130
2020011
1022001
10014
3120
400002
212100
102210
14010
1101000
1011030
1300110
1200
1000200
2002101
3012
10131
3012000
30300
3002010
1110030
1102002
2012010
2010201
2103
11220
1140000
20112
10221
3000120
3110010
2012100
301101
1103100
2101020
1040010
200121
2102100
1012020
2300010
202002
120102
2030100
2030001
1220001
1103001
1100103
2001201
1000140
3000000
1130100
1002
4000110
10041
101220
1200102
33
24000
30021
1010031
3200100
2022000
113100
211020
2103000
1000002
102030
120003
201003
300210
222000
2210010
203100
132
131100
110010
201201
1040100
200130
20220
201
1014000
12003
2000121
114
11004
3000
1100400
1001100
1013100
2021010
20010
1001103
1302000
202110
102102
11100
3111000
1031010
3000111
3200010
1410000
2112000
2400000
300021
10110
310020
1100202
3100101
102201
102021
301011
20211
30003
3101010
1003110
1104000
22200
2003010
400200
1122000
3010002
100203
2001
400011
10140
3110001
1100022
2400
112002
14100
3003
2201001
2200110
1202001
1010010
10122
230010
302100
1001130
121002
4000002
3020010
1201020
1020300
112200
10410
1203000
11013
131010
104001
200211
2120100
1100001
1030011
1020210
310002
22002
32001
21300
2013
3010020
203010
200013
32100
4101000
3000012
20001
100401
11031
1113
1020003
3001011
2210001
1131
20121
2121000
200112
11301
4000020
300
231000
300030
13101
3000210
100131
2010102
1201002
1002210
1021200
4020
201021
210300
102300
11001
3300
4001001
2012001
1032
3020100
1101030
130002
200004
1013010
1310010
1031001
103020
30201
11040
110100
100041
1410
2200200
400020
321000
21102
3201
420
213000
21030
201012
12012
2030010
2001000
100104
3200001
2202
3000030
2020002
1311000
120030
300201
1200300
1023000
123
201210
4001100
2101200
1004010
320100
3000021
300012
2112
210000
2011002
2020101
110001
103200
203001
311010
110301
2202000
2100003
1000131
2000310
1130001
11202
3001020
210003
210030
2010210
113001
1400100
100200
100032
1002120
40110
3210000
4100010
30210
20013
2121
2031
2100000
2002020
3000201
321
1000212
3010200
2010
212010
120201
330000
2310000
3101001
40101
1041
300003
1011003
410100
200010
100023
2200011
100140
1210002
1200201
2211000
1310001
301020
10011
2000100
330
102120
1311
2001120
41100
1100220
1030101
1320
1320000
2040000
10023
102
130011
1201200
1221
2004000
102000
31011
30030
2003001
212001
110022
2000220
102003
1020201
30012
11130
3001200
1102020
3210
1120200
2020110
402
2100300
4010100
1012002
2011020
1002012
3002100
103002
201000
2200101
200022
1001301
0
201030
200220
111003
1300002
2110200
100212
1301001
210210
1000101
101301
4000101
3021
41001
4110
1020102
40200
312000
1001013
12201
2000301
101022
22110
20031
1300011
300111
1212
1120002
202200
301002
2100201
4002
1140
410010
1011
3011010
2010021
42
1010130
1030110
2010120
1020
31200
100011
2220000
121200
21210
21000
140010
141
1002000
2110020
1100004
1100130
300000
101310
210120
2001012
2004
2200020
1220100
1001202
310110
1002003
1041000
1022100
2010030
4010010
110103
3001002
1001220
30000
200100
1000311
2000112
202101
1110300
301200
10104
2022
100320
1014
4010001
1000302
1010022
20004
1001031
222
140001
1130010
204000
202011
2010012
3030000
1013001
100101
2300100
1131000
200031
1100013
1000020
2000013
3
12210
3010101
2300001
103110
41010
10113
2100102
3000102
1400001
11310
1100040
400101
101202
200310
