232001
3320210
3011030
12320
3002012
3023000
1300313
3103001
202034
200321
1023302
2030210
430130
2200130
1003043
43301
2040200
310103
3003104
3000410
1000322
212000
301034
3200420
14030
3302120
3001310
2340002
1033301
1000232
3013130
32201
3300014
1304300
3203012
404030
4030220
2203310
3230012
34310
4030100
2001020
3103100
2100200
3120230
3100040
3310100
10340
2223200
1020023
101030
11000
301340
1103330
3210230
240302
3003230
3013202
133310
321230
13301
203033
1300400
1043030
2020022
131033
2321
30134
4202
323300
2200304
320240
32123
1300022
1030010
2002403
2000210
3041030
4320020
1333010
2200220
4010003
2323100
1013
2033120
24320
331100
3230300
3210023
3220013
413000
100403
3001400
3001001
3000131
2210033
2300222
2030102
2020304
1010003
321203
3001403
304004
4220300
3410030
113303
13430
4004030
2100032
3013001
2000201
31313
2400203
14330
330200
323201
10043
100433
100202
1301033
2002340
22331
3122
2303102
400322
344000
132023
200201
301031
4220030
20303
132200
202043
13220
3032300
1030340
1000001
400331
311000
4030202
2200133
2303030
2020010
3040301
32420
3131
4032002
2130200
1030232
3231200
103220
32132
32321
303311
3330020
2312003
120020
3002201
2302040
3110300
104030
320231
3300101
2000330
1430
33212
2403020
2240030
30023
220430
3001232
1220000
3220100
232022
3440000
3041300
3040031
203000
20024
4400300
2002031
2003123
3201002
4001000
4000031
2320040
303140
2400032
2100323
3100403
20231
413030
130340
320012
1330004
322013
403310
304301
2230400
2010233
3110000
4310030
4300202
3122030
420230
3012200
3020012
310310
301001
1033013
3220040
413300
230321
2002331
223004
330110
4000430
320213
401000
110003
1200323
2032400
3002312
3003002
1000400
2000222
3220004
3320003
4010030
1223000
231302
3030122
403040
4403000
4033001
30230
1000331
3400103
102332
203330
1030202
10010
4030001
4202003
1030310
320321
2243000
3140300
330011
3203021
1003232
2002301
420203
1300340
33320
23321
31034
32000
3213200
21323
3122000
34031
2032040
200123
4022003
2302310
2123
202004
4100033
2001332
201200
4302002
333020
1304003
1004030
2000204
240200
103004
3302300
2230022
3011300
43100
3032120
102002
4013030
2020130
400100
3341000
4002320
3031040
302132
331202
30140
3304001
2202200
3420200
443
4010033
340031
20120
200120
3040103
300140
2400302
1020302
4000022
2000132
3102203
3001202
1203020
300203
2020301
3220103
332102
32102
2132
2002223
320201
21320
2320022
201002
12332
302204
4031
23312
331400
3104000
413003
133010
22130
2300033
1331030
1302200
1000340
323012
232202
3310400
3041003
31202
3001220
3002213
3104
402230
3010010
320204
320132
3003011
2000030
2332001
2210303
2021303
342020
2312030
2210330
2032220
21203
301301
4022
4033100
3202103
2320103
3001223
3000104
203402
130040
3312002
3020213
3322001
231230
223013
200312
231032
203222
200240
4000103
2030240
42203
1043
330122
310400
3224000
1340
1100303
3300140
304220
30302
3420002
133031
2012003
3103040
103301
304103
31304
4331000
1400000
2100332
3200402
4003010
2133002
3012230
3010223
123023
203024
3040130
1301030
2202020
2000123
42230
2202302
3200210
2222030
3200021
2200034
2020340
2002022
20000
2202320
3223001
1000040
3400220
330320
2000021
1310030
2034002
420002
1020200
2020040
1103303
22004
232100
4100000
2102330
1300043
1202003
3400040
3310013
3024200
1332002
2002130
2000024
221300
220202
3313001
2342000
300404
341003
302123
4300031
204200
3233000
243020
30422
1034030
3101030
4043
2021030
1002020
213320
1403300
2023001
2304020
10313
3230
30212
2040020
3203102
304100
13340
3300041
4030310
1130033
3311003
3230210
223022
310313
331010
2120
1403000
13022
301403
2002013
404000
402023
3400001
203210
34001
2400002
2020031
3003140
120302
34202
3303101
312320
321020
313022
3101000
10334
304202
1034000
1003022
3302000
3313100
3302201
3102032
200234
42020
3004040
4200302
3134000
3020024
312200
300011
2013002
3110003
3010331
1100
4300040
1023002
2032310
3202310
40034
4300022
130103
3233
403001
3030230
4304
2302010
2030402
1002233
2003012
2222000
313100
110333
3203003
4010303
333200
2302022
2024030
1330001
210200
4040030
2310020
2030201
23222
4002200
2123003
2302100
3300410
3031100
301103
20132
4302200
3030203
4023002
230030
1300004
40130
3224
2031023
2020220
133202
3104003
110303
4313000
3300131
2020001
2003033
2031002
4000301
2321300
1202000
2303021
302012
300041
2103320
3213002
1313003
330302
24200
202304
43001
1100030
44030
2024003
2033
230201
2132003
331001
201332
22022
3000311
300023
443000
340001
202223
100304
313040
33131
4010330
401303
2102300
2020430
3100010
1023203
3001031
2320310
3032
3140000
1331300
2213003
132002
3220130
420302
400313
300341
1300013
222302
311003
12302
4100
2300402
1300223
2200202
3012020
3303002
2310023
3102023
13004
203303
1403003
1130330
3110030
410003
22013
2023130
3220202
222032
3302021
1023200
222230
43220
1300130
431003
23201
20234
4202030
1331000
34301
2030
21233
3000242
30143
2013320
130220
24302
1000334
201233
103202
4223
4223000
3300230
2200010
201020
230003
2021330
32303
2040203
30002
242003
2012
2320220
2301320
1330130
1300304
2210030
1303310
2303210
30320
430301
102032
3310001
3020222
310130
4400030
1400303
2002040
3022100
40304
330020
4034
3003113
3300110
14033
1001330
2002313
310403
3000332
2310200
22232
2100002
3330200
3322100
3034010
3002132
4300010
1301303
3202100
3201020
3021032
10310
2130020
2023100
2032130
2120000
2000420
413
3302102
400022
233
3102200
2233001
2310302
3120302
3201032
210302
202430
2300300
1403030
2201000
1040
4003013
302000
3010043
3003302
3003020
3000302
3202022
140330
2030420
40322
3202202
132032
3301103
1220
3022004
2034020
310010
4030040
2432000
2300321
2010200
20330
1020230
1000403
3000320
1400030
1400
3200123
43130
233102
220403
4004300
2000102
4003004
4000133
2003021
1330103
4001
2240
3332000
4020020
1334
300233
1030223
3101300
23213
3003131
1343000
3021230
1022300
4310
3300002
4040300
1300010
3002222
10343
2020013
432020
102302
4030013
2331002
423020
103322
1203002
1010033
23012
1003202
4300013
2202002
1030130
1330100
1013003
330041
102023
3440
4022030
1130303
1310303
302213
300110
3130013
400013
223100
221303
40430
1300403
1010333
3102320
1200332
2032010
2002232
1001303
4303001
32300
2000423
24023
4301300
2200103
3132200
200324
3311300
4130300
3310040
2013302
2023013
3400004
3020330
330203
2322200
3240020
3100031
321302
4303010
4003130
2103023
3041
3000233
3100202
401300
43202
1303001
143003
1002230
2003222
3402020
122000
200303
3030410
4003400
2430200
4103
33041
3104030
312020
3002042
232301
213020
101303
3020102
4322000
331130
32030
430004
302240
310004
43400
3212
1030043
3400013
203420
1301000
33203
1331003
1033400
423002
230210
303011
331004
31004
2303000
22301
2042003
3202301
123002
3000224
4000202
2004230
402032
220400
3013301
331040
4040
1000313
210230
232400
220304
3221
3013400
3103202
3002000
320300
340202
3242000
323210
1013330
30242
1233020
3100301
20102
3100220
134000
110330
4301030
2000240
300431
3400400
10040
3000140
313301
22430
20432
4003202
1033202
430013
2001302
2333000
3030002
203132
4230002
2300003
3030020
42302
4331
4003040
431000
102323
3001322
303041
410303
202322
203231
1130
11
33002
43040
231023
1302302
2200223
1013000
3000212
3132002
2001230
231020
2103200
1200002
3203210
2010320
3003122
4203002
2203103
3030014
3430010
3042200
3022010
14300
11300
302312
32210
2023010
3404
2240003
2012030
200213
14
3020303
3200321
301043
2402
2200031
224030
212330
3032210
31430
2203013
3200204
40400
3000422
3410
230012
21200
301232
4230020
3000002
120323
3310301
2340200
20033
132203
3310310
2303300
233003
1320302
120023
204203
1230002
131003
2003120
1322
2042
1130003
202103
2012300
2021300
3200222
3001340
1320023
201323
3030104
300113
1430000
1300100
1323020
2001032
220043
133130
133040
2002103
132020
3320102
33101
4400000
2230040
440300
230420
33122
3220310
13010
1004
2323010
1043000
2043200
1001003
32021
4010000
4020200
1133030
430202
240203
3012023
310202
431030
3002120
14000
3022040
3133001
23132
2201
4304000
3030302
2042030
1031033
3230102
200243
2403200
2030120
322301
12323
332021
232220
2132030
3003101
2201330
202031
312203
2303012
2004002
21002
3031010
224003
2331200
1223030
321002
1043003
122303
322400
11303
23303
32222
3031220
2333
322031
3110
30014
1310003
1004000
400223
3101303
1323200
2200001
2022200
302021
2000324
3010220
3010022
1032302
220232
3301040
2000321
220130
103001
2043020
3232100
120230
4000040
2210000
32204
4000034
1230020
2031020
4100300
204320
4220000
1303103
1230230
3202040
340013
11033
20420
4000322
1313300
2223020
3033011
3014030
3310004
31133
2000003
1032230
134030
220310
20240
2010332
3201023
3001133
100100
400133
2000300
2230001
1022003
400304
314003
10103
2402003
233012
42320
300311
102230
3002204
3100130
3130400
4310300
2300201
103430
3130001
103223
3002024
3132020
31013
200
3100340
3200213
41003
1200020
40313
301010
2302031
2032031
301322
4031300
12023
3300212
3030140
300143
3131003
230300
1200203
1022030
3100043
1233200
303401
224300
314030
100331
4103030
230402
202133
1002323
200210
400040
221000
3030200
2103020
3013022
3130130
3314
41300
302330
1013300
3212030
3100310
12203
11003
4000004
2222300
2031320
40040
1043300
3301130
320033
400043
3001040
120332
103100
1000031
2222003
3401030
30224
1202303
3000014
230231
300134
2400020
220001
230312
3043100
3240200
1003340
200042
3312020
2000042
3030101
201032
1004303
120032
3320000
230120
3103022
204032
4001303
2300021
41000
212033
2201030
1303004
1040003
13313
13043
3013013
3020312
330104
3003320
431300
2000000
2032100
342200
1000022
31331
2021
3000203
2310203
220040
311030
330113
200231
332210
1220330
1001
1103030
2200331
1040000
2030312
4030400
1203203
2003210
321200
320222
300044
2032022
200102
331220
40004
3320201
34013
2300012
2020331
203123
113
233000
2231030
303032
3023120
322310
40103
202040
3003410
230
2022230
2120003
20030
10433
4320002
3033020
1020320
130403
3040100
13232
1230200
302303
1000043
204020
1220030
1330013
213032
32231
1010
143030
22133
3000134
3000041
202220
303410
3002300
4002203
3000122
333101
33104
2200004
400001
13304
1000100
3202001
20012
3222200
240002
210023
320042
1300301
140000
1223
3400301
3400010
2001203
101333
10232
21020
3320030
3200231
43103
223130
130013
4310003
420023
140033
1220033
1000301
2001002
3020201
3301100
311
4200320
1032023
3240002
203012
304001
2002043
1003031
3110330
1003430
100430
100103
22223
13034
2312300
2130023
1033130
3202010
3103004
3301400
301100
1230023
2202023
1000343
1002023
3102002
31022
3303110
330311
233300
1023032
2002100
13001
303131
143
2200040
20333
221003
210323
4100303
4003100
1303301
3021302
332030
1023230
1030040
3212000
100001
304010
10400
2420
4032020
23330
204023
40133
2231
4022300
4031030
1223300
3311030
21230
1232003
1003403
303014
1033103
3023210
23123
3000143
2013032
430001
131
202022
3020210
33014
3130100
3103010
2204
3222002
3120023
401003
204230
31301
4023200
2030204
3404000
4001030
4202300
3302
3302003
4300001
21332
102203
3001301
34103
3232010
202202
343010
3330002
2201003
34100
303212
134003
312023
12233
13223
2302220
1033031
3020231
2024000
2020322
2020034
202313
3002330
1200320
1003040
3013310
40331
300323
2023202
103232
120203
304022
4000130
1304030
3410000
240320
1020233
2004302
3022031
2220020
1203320
32033
2002010
3023102
23204
2200022
30032
2003201
3004400
4000010
3040004
10331
313004
41030
31103
1304000
3212300
202403
403301
3310022
20210
3030110
2003402
2000234
430010
2310320
322010
22010
3420020
23021
3002123
2033102
32003
2000432
133103
1302023
3400100
131000
22313
2324
2030321
320024
42200
102233
202013
3220400
3203201
32402
2033000
1133000
1000133
2231003
300131
313400
322040
3032030
2022203
3021203
242030
22340
32240
2302004
1030331
143000
1032203
304130
30410
30440
2033300
103331
22031
340022
3000440
2330030
3000200
403400
33113
3123002
3210002
100313
4340000
4030010
2231000
3203030
43022
31310
12032
2203010
2033201
3123020
2400200
334010
301022
3030311
3300302
322103
303101
22202
3301013
3003212
300002
310040
13310
1003310
313103
22043
4200230
2003003
400202
22220
2222
200402
301004
300440
4003301
2330201
3100223
2200400
10223
1000103
3102230
403004
3200303
2030132
2020004
33302
420020
12002
2133200
3210302
1103
400004
10301
33011
203021
311300
10013
33221
4300301
4200032
1030301
3230021
231200
140
2300132
2023022
1002200
21302
1013033
2003312
210020
143300
103013
1203032
1100033
1004033
432200
3031031
3200240
2004320
1003301
3102020
3011303
1002002
310340
202310
3023021
221033
203120
4034000
130232
304400
3104300
3301031
333110
3040202
1030103
3202031
130400
1233002
1202
3203000
1032032
20123
1003304
3201203
100022
43013
3030401
1103033
3210032
132302
410
301220
31040
300212
103310
3301022
41
4203200
2301302
3400022
312032
2132000
1001333
230021
310013
3020000
232013
200012
331103
4030022
2200430
240023
230222
2020202
202340
3040013
1030133
140030
130313
100043
2203022
2302013
2100203
2300
200420
3200330
2321030
1302002
3210020
4300004
3023003
2003330
4000100
1022303
2300303
303203
430400
131303
22310
4330001
2230310
2100020
340010
4220
30041
1333001
3210320
210233
3000401
4100030
110033
3042002
2003024
3000110
3100013
402002
410330
3010103
3303011
3300203
2033012
2003420
3221300
3340010
3010031
4000313
2103203
3401003
303230
1031330
330101
3431000
3003311
4103000
4202000
1020332
400340
2330300
200003
3403100
330002
2203220
132230
3320012
3033110
1030001
100340
4031000
102020
302420
3131030
24032
3301001
3003032
332300
1030313
242
3103220
342002
3002321
2000333
2003231
402302
2330120
30203
1022
4000400
2102003
2100320
2004032
4301
4003310
1303022
1010030
3310202
32312
4013
302042
1040303
233201
203204
1322030
3113030
4004000
1200200
2002034
301313
4001300
43004
40220
334001
31130
330140
4023020
2320400
320
3022220
100220
3020240
2213
2130032
432002
2232200
3242
3032000
23033
301223
102320
3340100
34130
1030022
2102033
103130
101
220220
130133
20243
1033040
120233
33023
3231020
4300220
3030212
400130
222020
13031
2022320
1003001
2000213
101033
304013
4130
330221
4020302
4000043
3200312
100031
21032
40043
130010
3314000
22040
2204300
100301
3013100
311303
33140
314
2032001
1000034
3012320
100232
2331020
1033010
10004
4430
323000
3110033
130322
204002
42023
40223
12200
2200301
113300
223202
3032021
2021000
3220010
403100
331013
2400320
313310
2000033
303221
3022130
403010
3322010
3034100
1303010
2032202
1220003
430310
3130220
233021
130301
3020123
14303
23420
2020313
3020132
310001
3430001
3400202
2002004
202010
110
1202330
2200340
30200
2203100
1031030
43031
2023004
3213020
3020204
2040032
304031
122
233030
30332
223400
332
400103
1032020
2004023
433010
3010313
303020
10133
430100
203240
3040001
1340000
3103013
1030304
1020203
312002
230132
2003042
3221030
3210200
3003023
1004003
3331100
13103
2132300
404003
3011033
3113300
233120
130310
4340
2204000
3000431
30221
320003
11333
33110
203321
430040
302030
323102
310322
4313
2000402
1330022
3041000
3010400
3300320
1033220
303200
203201
1100300
101000
320420
2300030
2033003
4001003
301331
3031013
3130202
2003240
1003103
430103
3320300
4003220
4003001
304310
31403
2033030
1000304
3100430
1300040
1022033
100034
40301
13013
2032103
3223010
213023
220223
2302130
313220
1301300
2030123
1003010
220010
3003200
4000403
41330
44003
2300213
2002310
33311
1203302
140300
3013010
3100103
2203001
104000
30101
404300
202331
3222020
303104
3030041
1030034
3200042
340103
300020
3122003
302231
3300023
2130302
34400
3030131
3401
2202032
33230
3123200
2203400
2004203
2001323
420200
2310230
340400
1313
3430100
2320013
401
4200002
2003030
3230120
1000433
3320120
302402
3011330
31031
4130003
302102
34220
1232
1013030
12230
1400003
1330220
223010
202400
322202
310331
2230010
3100034
310220
3331001
3140003
3003401
303113
3140
3032003
210203
103040
213200
203213
3022301
1003400
232040
3000413
2030030
1223003
3130031
3203300
4103300
2300330
3200120
331310
1403
2023031
3301220
4013003
1030013
2220200
2320130
2203301
1300430
1040030
103400
2003
131030
30431
3100100
104303
1322003
1320002
2013203
3014300
4020023
2230013
2040320
33200
2300123
1033004
1003220
3002003
1320203
2102303
140303
3001304
303122
2301200
3212003
422003
3002
2000120
101300
1322000
1103003
1020020
1033100
400430
3020300
440030
333011
3020120
4300103
203030
3210203
3022013
3000011
4300310
1230320
2330210
3130010
200132
430031
2001200
2342
404
2123030
2012033
210032
3002021
1300220
22403
1303031
2021003
202130
3143000
200432
1203230
3140030
41303
320030
2103002
23231
1343
3010403
2022002
13331
1033001
4301000
2320010
101330
320312
3201230
103403
3001022
302321
422
4330100
220133
3301301
120320
300224
3023300
2130002
2020043
343100
2330102
103031
2030042
1000130
3103031
3220220
3100133
13040
10130
1310033
3103310
133220
300410
323030
3010133
3330011
3202004
433001
123203
3003203
23030
3010310
10034
4000304
123020
402200
3002231
2300024
2013023
223220
230240
1400330
313202
40310
3003041
1300202
1000220
3024020
302
3313010
30020
3100022
200000
23240
1003223
410000
401030
3203120
400310
4002020
302003
12020
300242
3022400
3013040
212030
224
2020133
2330
3012002
301304
2010023
4000223
300032
2102030
2201033
1300310
2023301
3400031
4022000
110300
3004130
1133
3103130
220031
340130
2204003
2100023
104300
2301032
1302230
134
300302
32012
3000323
223001
4030103
122300
220100
100013
4000340
332000
2024
133001
3001103
3001010
1430300
1002203
1003034
21023
1133003
3030113
330410
30110
2200310
2022023
1030100
212303
222203
3010301
2102
3431
2003213
133400
103133
130331
2320031
2330021
4001330
3003221
221
2313002
2320004
2013020
332120
1301
3130103
313130
100223
324200
3001043
3410003
410300
3130022
223031
220322
3022310
300332
201203
1330031
2220032
3130310
242300
1232030
2002304
3320
120200
201023
23402
22304
3300020
2320202
1003100
3100400
4330010
4003022
1200023
1322300
2010032
4004
232310
3301310
302120
4003103
1103300
200033
2130230
1300322
440003
2030300
2203202
3301010
4232
300014
1310000
1003331
43010
201230
3301004
3004022
4403
1330301
1303040
1302032
44
40013
1032200
2330000
2030003
310430
2301020
3030320
103034
340004
4003031
2301203
2030024
100334
3020030
103043
320102
4033010
1300034
3230003
3230030
1022000
3120203
30341
1323002
1020032
123032
2030330
3021320
403022
3300122
2310002
2002400
1003133
403202
1300103
3042020
2200232
3300113
2230031
13400
13133
3004010
2043002
233210
113030
2031032
1020323
3410300
3000101
2304002
2302103
1300031
3020042
10202
2020223
131330
304040
2302301
32330
1010000
22001
3323000
1130000
23003
2324000
3220001
232031
330230
2220002
224000
40202
20423
3001430
40100
2102000
3100304
231203
4300400
1023320
103103
3004220
2230004
2013200
102200
40340
4400
3200033
3413000
2430020
1130300
2120033
2420003
200222
302024
104
230204
3113003
400034
301400
302033
2012000
133100
2223002
2220203
1303130
2300120
3201302
3310103
3000032
2123300
1330202
3000113
2204030
3203
3130004
2004020
2001233
4130000
4032200
3000023
42002
2003204
20
3403010
123200
3310130
4002302
2302400
2300102
400031
3011000
122330
3022103
3300221
2103230
3202220
223103
2400023
4000220
320000
410033
4133000
2030000
4013300
3030221
130001
3043010
4000013
20300
1010300
3004301
3040310
230330
1034300
1003313
3400310
3100232
231002
220034
1230032
200204
3021020
2133020
320303
1040300
3013031
3004031
1310330
2230202
2100230
311033
24002
4030004
31232
341
320120
10322
30044
2230130
2003321
103022
33020
220340
3001004
2304200
313013
23024
3030011
2420300
1313000
2020100
313031
312302
310022
33401
3200003
1022330
1030430
230102
2032301
3401000
410030
330032
203003
200330
3220022
402320
130034
41033
1203023
3012032
1331
1034
1130030
3400130
3020021
2323001
1300133
2301023
3402002
13130
20201
303302
30311
2202230
2020232
340040
341000
321023
300314
230033
1000430
31223
1302203
2200043
322100
13100
3002210
20213
100130
40022
2100302
100133
34010
3323
1000310
203102
300320
1003004
122033
2010302
201320
343001
2330012
3232001
2103032
2010230
333002
133022
130430
23042
301430
4020320
2203130
20042
3103301
2402300
210320
230123
2213300
1330010
1003322
30011
4100003
422030
220004
104330
22322
200030
31400
3013004
1040033
2022032
2000012
120002
3010340
2020103
2120303
2032004
400232
3413
4130030
3023030
2321003
130130
3002030
2023310
3304010
2312
42032
20321
3200201
130100
30413
2022302
202001
1303400
4322
3013220
3033200
222320
3003014
2201303
2200013
1300001
3010034
2320001
403031
1200230
322004
3004103
2302001
243200
301040
123302
3010004
22400
1200233
2042000
3202013
3021023
43310
3303020
3201320
422300
340220
11030
303002
1301003
3004100
302222
4200020
1200302
1004330
3030023
2042300
434
1010330
210002
10022
2030222
403220
232010
203312
200021
3010100
1001033
430022
3310010
4203020
2210300
2230220
301130
3020321
10430
2200403
30233
2330003
3030032
2220302
31043
2023220
2220320
23300
122003
230213
1320230
434000
4020032
3022202
332201
3011
2210
3100004
23102
2002001
3020420
2200313
3022001
3031310
4000232
303023
202100
1400300
230303
32
3200132
3021002
322022
3003110
1320020
200333
1033022
213230
420032
100310
1030031
3040220
31220
113000
113330
430220
10001
331022
3200000
3300200
3302030
2123000
34004
3101330
40010
2003000
4004003
4001033
3010040
4020203
3023
2332100
2310032
20003
3204002
3103400
402020
133004
4300100
220103
24020
240020
3321200
3000230
2031200
2010203
1203200
2300312
1304
30401
1034003
1001030
33410
1333100
3024002
202232
13202
4043000
1003013
40232
3020033
3133100
2023400
3230000
4000331
20312
232103
23120
104003
2103302
2203031
440000
3010202
30122
344
3200024
130031
3043001
2203040
322130
3300311
3102302
400400
3311000
2030021
11330
20342
403013
314000
310100
2420030
300230
1000004
422000
3033101
1230302
10031
3031103
301202
300101
30404
1033310
1023020
3040010
2010020
3321020
2402030
2321000
1100003
2233100
4040000
4200203
1301330
2320301
133301
3010430
3001313
4103003
1202030
2010002
1300331
2002430
4000310
3034001
223301
1433000
2120030
240032
100004
220022
20021
32120
1002302
110000
310034
3033002
2300204
1040330
3204200
3044000
331301
323
3401300
301013
300401
213302
3122300
3201200
321032
104033
101003
310301
1031300
34022
10304
2040230
423200
243002
3200300
2403002
2301230
1202300
210332
3000044
3301202
330131
2300231
130043
3304100
310133
10403
203300
3002402
3002303
1430003
2023040
3103103
3101003
20222
2031203
2001023
31340
330401
2300240
4030031
223310
3031301
3004310
310043
1002320
3100313
311330
3031130
440
1030322
1001300
401330
3004004
1320320
3131000
3010232
2000
340301
4220003
1320200
320330
1002332
232004
3000314
2213030
2322002
1031000
3403001
300104
1220300
1013303
200423
320123
300413
1032320
1010303
2013230
3014003
300122
2030303
2201300
1302020
204302
1200032
2031302
212003
223040
323021
31322
1031303
134300
1330310
1302320
1232300
3012302
310232
2010323
3220301
2303003
1332020
2001320
320021
103340
3131300
3130301
212300
24230
22100
3101
2003300
2230100
1002032
3321002
23210
2022020
33032
220331
2300000
4302020
1003130
2000342
3100001
130202
320402
4000001
2233010
2031230
3130040
133013
1220303
1303220
1300232
2021033
2002133
3120002
240230
324020
3303200
4100330
2231300
321320
3101033
113033
212
4230200
2213000
323003
4400003
3010013
234020
4020230
3031004
1103000
220301
3010130
2230103
2303201
2243
4030301
3200
400301
32024
3300032
1310300
2040302
3204020
420320
3320021
4002230
2130203
3230201
2024300
203
3000341
3100322
3022022
2423
1313030
302300
3332
132320
32042
2420000
3044
2000303
3202400
200024
2234
2322020
1023023
1310
1000010
3010304
2040023
2033021
2002220
3001331
2120330
1030400
3231002
100040
400010
221030
130022
103010
341300
330023
1303202
2004200
4200023
4010300
4002002
332003
110030
213203
2240300
3220031
222200
1030004
231320
32213
10220
1334000
2002322
40031
1332200
3010322
20324
1000202
103313
22034
4040003
2033210
3341
2232002
3223100
3312200
31001
4020002
2300042
3302210
403130
30314
1100330
1032002
2000243
234002
230042
30113
3002240
2432
2023103
3200102
3031400
2430002
3302012
300422
2100233
3310220
3422
2232020
2202203
13322
3422000
3330110
3000404
331031
3300104
4303100
300200
3110303
3001130
2332010
2303
130004
313010
3134
2030033
1100333
103304
100010
2402000
1340003
30323
130223
10100
2302202
340310
130304
2340020
433100
140003
3202130
3032102
301133
2220023
2300420
2020400
2003303
40001
402203
131300
3300401
4013000
2020310
2030213
2240000
2003132
3200012
3040400
44300
30104
4031003
2220230
1030220
2200100
3001013
1000223
222002
320210
220013
3021200
3012203
3032012
4320200
400403
234200
2203004
1000013
3113000
4301003
2312000
100322
4310000
2320100
3002420
31100
3143
3031022
3001100
4200200
1303100
3120320
2000312
300221
2032013
3221003
302210
3001034
302201
4300130
322001
20402
3310031
303110
4430000
1320032
2300210
3004001
3002033
1400033
3120032
22103
200342
3040022
1340030
2034200
202301
1230203
1303013
3340001
334100
3014
403103
123320
201302
322220
301310
2130320
230024
3020402
14003
1430030
2
314300
100343
431
2000231
242000
221330
213002
1330040
2040002
1001000
324002
3402200
222023
3013103
312230
44000
1100000
1340300
1004300
4133
20204
4002023
3020
232130
1202033
3010001
3221000
113003
310031
24203
3002102
3200030
2120300
1030403
332012
30131
4002032
1433
340100
3031001
1031003
3133010
3023012
2313020
303320
123230
330014
4030130
3011003
313001
2020403
3300011
2200322
23000
2030231
3014000
2400230
1330400
200300
3000020
2030012
310304
2210003
220313
330212
13403
34040
3331010
4010
3113
3020003
2002202
310223
3004013
3040040
3120200
40403
400220
2423000
2012330
3100331
1133300
100400
323120
122030
2303120
3031202
3032201
3330101
230000
23
341030
3004202
31010
2234000
2313200
2230301
2003102
401033
1031
1020002
203042
3311
4232000
2301002
2012303
3023201
3000221
1232000
3120020
