1303000
202000
1030102
122020
2110300
2220100
2102002
12040
2000203
1400002
313000
1020013
400300
202300
1300021
3010120
301210
20014
4120000
4000300
3110200
3101200
1030120
30022
1002301
300013
3202
2000311
21220
301030
40
220012
1033000
4000012
203002
3011200
110032
11203
2212
1302001
23002
4300
402100
200110
303010
1202002
12310
1002130
430
421000
211
1031200
1032100
2013010
2010220
20002
2001031
1000021
4020001
3003010
1200100
2010301
3002011
102040
4300000
2131
10024
412000
140020
123100
222001
203101
3301000
3030001
20302
311020
112003
11020
2400001
2210200
2210002
1022200
2011300
30400
400120
3003100
3112000
1021030
2001001
101200
1000300
2000230
4000210
2113000
2100400
2203
131020
31300
223
412
2400010
2001013
340
113002
40021
1300003
1102300
2010130
112030
121
3010003
3000130
2104000
2200201
2100022
1002010
120103
301201
330001
30100
30220
1010320
2320
1000213
104020
11200
3030010
1210300
1130002
2010310
1020010
402010
2113
1023001
142
2311000
1020001
201010
24010
2020030
2221000
2022001
101023
201022
10420
1320001
1010230
221200
3013000
2003020
2000302
300220
1200220
4012000
22000
1023010
103012
3400000
1120300
2001004
133
2000221
120100
210010
13201
3130000
130030
1203010
110203
201103
22210
10021
3001300
300310
1000420
2000140
43
40120
4100002
4020100
1202200
1000123
210031
100402
12013
2000002
2040100
13300
1021300
2020021
10201
2130010
301003
1301002
1002004
110200
1200010
3310
3120010
230002
2030011
2000212
12031
3103
14200
20011
104200
201301
31210
2302000
2002300
2020012
3100003
2130001
3201001
3200101
31000
103120
24100
2003200
403000
340000
3022
401002
140002
42010
302200
2200120
1003
1002001
403
3120100
200200
2020102
21031
1102003
1100032
1000210
200212
1120
310030
1100020
100240
400030
2300011
2001301
300022
2010040
3000211
312100
430000
322000
203200
221002
1120003
2040001
2002102
1000321
201202
4102
4000030
3000400
2300110
30202
211300
210202
102202
2002003
1102030
2001022
1312000
3100012
1000042
32110
12004
2101300
200320
301021
1330000
3100030
22300
2012200
2010001
3001210
1001302
100201
12010
302002
1031020
31
121030
101032
1000330
302101
103201
201001
2202100
1020103
1002103
220
220021
2100301
1000312
3000112
100231
1012
2003002
1201300
30031
2032
212020
421
3100000
100300
22021
2000032
1310020
2000401
30310
20203
420001
210001
10120
10240
100000
34000
3220
21400
31012
3100021
3010102
201040
1222
212200
231100
20113
2300200
2103010
1201003
4200010
1200400
210022
100012
12001
2104
3030100
3211000
3101002
311002
130210
103210
3000103
1030210
1020202
120130
200113
31120
20212
3010
142000
1004002
122200
230011
201100
4000021
2301100
2200210
1012000
2013001
213100
102100
100222
10123
10321
1024
2014
3002020
2001400
2000041
222100
41020
20410
1321
2230000
4003000
2110000
3120001
10300
3001
201220
2002030
241000
204100
3200011
120010
300112
2000020
3102001
132001
10213
1013200
1002013
131002
1020400
3020011
42100
21001
2140
4001020
1010032
100042
20221
3003001
1120030
331
2000113
4100020
220000
3021010
1002220
210220
320011
13210
3001102
240001
20401
1210000
30121
2020003
2122000
101320
2012002
2000011
1021
1200001
12301
1102
2120020
2014000
20320
2001130
420010
23200
2202001
410200
3100210
2003101
102103
13120
3000310
2310100
1300102
2020210
3020101
1201
1240000
2100010
1042000
2004100
100420
3100201
2010100
202201
200401
21022
20041
3010030
200203
20230
211000
310012
302011
21010
4100200
1003003
1310002
1200004
3100
201310
203110
4201000
3201100
112300
2030200
3020020
1301020
200230
2100031
4000120
300010
3001201
2100310
300301
32020
22003
2030110
240010
130120
2021020
1240
4002010
1013020
102004
3300001
300103
2030101
1001020
100123
112
3031000
3200110
124000
200104
21130
1132
2032000
200302
2311
1030201
102022
2410
2101003
3004
1000024
210400
2011000
1303
101203
3000040
321010
201031
3100300
1320100
2310001
1300012
1020040
2023
2000101
10132
1204000
2041000
2022010
200041
1312
2002000
2200102
301
4000102
1220200
202003
2300101
40030
1030
1002040
20110
301000
1300210
1012030
1001032
2000014
210301
202012
1130200
2100001
400210
120301
22120
23101
4201
121000
3112
3103000
3001003
2210020
103000
202021
21103
3010000
200020
2031010
2010013
203011
10312
1420
3000001
1213000
300400
120031
201400
1320010
300202
1040200
1012300
30010
10033
1100230
1021000
2103001
300031
1010200
23110
10012
2020
1
210004
3040000
103030
30001
10042
241
3100120
1001203
321100
1400020
2000410
301102
11023
13012
20122
1200301
30013
1002310
130
3000121
213010
120022
2030020
4010002
1300
4120
3310000
1300300
1020301
10
400102
200014
33001
2010022
4010200
2000023
1203001
2100202
103021
100132
20311
1103200
4000
100102
21100
3210100
200023
1020022
2001310
1000120
400021
110230
4012
1300030
1302010
3101020
100303
2002120
1033
400201
1231000
320002
1031002
210103
21040
4010020
2030002
3001030
1302100
100312
2011030
12220
3300100
2200030
2002201
1020130
1010302
1010023
3031
40102
21301
3001000
4000201
1100002
1003012
200311
300211
11230
2200000
410020
130102
41002
2021200
2200
113200
102310
113020
120202
202120
1042
4021000
1000033
2011003
2010004
3040
200221
40210
40000
3010021
3400
2220010
304
320110
320200
1210030
203020
2020201
3013
1200310
11302
31021
1103002
132100
102130
130003
4030
1000222
123001
12100
30130
2010031
2004001
104002
300121
11002
2221
122002
4030000
4102000
4002001
3001021
1000012
3000031
20032
120001
1402000
3102100
22030
202
112000
200140
4002100
2212000
3001120
3202000
1000303
1220020
13102
2000200
3000010
2001202
110023
2000320
1300120
2010103
210040
10102
4021
400000
303100
2001100
1200130
1300201
132010
200101
31201
1210
3004000
2401000
1230100
1023100
10303
3130
320101
4001002
2040010
240100
30040
2000110
100321
4001200
1010203
3301
123010
330010
2110003
2001103
1000102
204010
14020
3011020
2010010
1330
3002101
3001012
120004
301120
41200
1000000
3000202
2101000
1201030
3102010
23020
2302
1420000
2131000
2101030
1001002
420100
1123
133000
10000
204001
24001
11320
21202
32101
3002200
2100040
3012100
13
30112
10204
2041
3012001
1030000
2400100
220030
1210003
1103020
1200022
33100
231010
210100
101020
1204
100030
1020310
322
214000
110302
31102
4000000
43000
10330
20023
220102
1201000
1100320
1001320
210013
103102
1013002
1003120
2001040
2002012
2203000
2020000
1002031
130201
2011
1300000
4210000
2300002
200122
1231
2310010
1004020
2000122
212002
2200012
402001
201130
2300020
3000220
2102020
200002
1002202
221020
1000003
1200031
2020120
13021
3000004
2100220
1004200
103
1402
2320000
1230010
120040
10222
3200020
4200001
1222000
2002210
2003011
140200
100210
3201010
1010020
12202
4000003
301300
1200103
1200202
100033
200032
2100013
301012
1200013
312010
213001
101002
100213
3220000
1220002
2031100
3020110
1020031
1003102
102013
12022
32011
310000
2103100
1200040
3010012
1003210
401020
3000100
400003
230020
2202010
3021001
1213
1130020
1301200
312001
230101
310102
300100
40201
22201
1102000
30004
12103
2110
40012
4200100
4020010
1003300
310003
3010210
130012
202210
20131
2200003
1001023
232
102301
1030003
300130
33010
1000240
310120
2020300
2410000
3210010
200131
3010300
2120002
2301001
2100103
1100023
2013100
310201
11032
3020200
302020
1032010
1000204
400012
210310
100003
1040020
1022020
1002400
1003201
320020
2100130
13000
20200
2010202
2000104
220003
2201200
1021003
14002
2120200
1230001
300004
3022000
3010201
2002021
4
2200300
2220001
1202020
10030
22
3200002
1030030
120013
10231
1030300
31003
34
120220
42001
1032001
20020
2230
2001220
202102
3000013
1310200
2201020
303001
1040002
214
2023000
223000
1123000
13030
1010002
400
410002
3002002
2102200
1024000
3021100
2001010
102220
232000
2200021
2022100
1003021
102400
22012
1000030
202030
2301010
130021
220300
100120
2010400
313
1000231
21310
20104
1120000
310300
3110002
103300
120310
102001
1400200
130300
1100203
3011002
131200
10210
2401
1003030
2031001
1020004
100021
3020002
1030021
1001200
1002100
211003
310210
21013
20140
2140000
1000402
101302
30211
1100302
31030
2002
321001
3200200
330100
1012003
1020220
100024
12400
3211
3100102
102031
3000022
4003
1000201
120400
102010
22102
401200
3300010
331000
1321000
3210001
304000
32200
3002110
23011
124
130000
1002022
121300
121003
101230
201004
20101
3121000
32002
211030
110320
201013
21004
1100200
30103
1000
231001
30301
210130
10402
1132000
230200
2100100
3012010
1030012
2004010
310021
3121
2201002
300040
300001
2012020
13003
220201
1003000
2110030
3110020
1020100
100
200011
222010
3000301
1203100
103003
100330
2100004
1001230
2000131
220120
310
1000132
40300
2021002
2003110
110002
4210
10003
220210
110020
302110
12130
2101
1022002
311200
100204
2130100
40003
230110
200410
2122
