1302200
3001310
220103
100310
3122
2020103
3030011
340010
4220000
2033000
1203020
2012000
1020230
130013
1322
131000
220040
103031
3002000
23030
20303
2003201
1002032
3014000
1020032
220031
3041
1430000
2200001
2032001
400004
103130
341000
210032
201020
4300100
2200301
2040020
3013010
1013003
11330
10202
3021020
10040
3000230
2400020
1340000
1220030
1200023
34010
1310
3140
330020
2320010
2001002
132002
103022
230102
130001
304100
4030001
1040300
1031030
1023002
20300
100232
1130
2222
1013300
2012030
3010100
3200000
4030010
3103001
1300220
200003
202013
40100
23021
4400
300200
1300010
1001003
402200
230120
13040
320300
3301100
1200320
400202
301310
300302
201002
23201
1133000
1320200
3220100
103040
33011
4020200
3002300
3010220
303101
2210
1300301
140000
210020
100304
40310
30230
2020040
204002
300113
100043
3020300
2040200
3022001
1001000
33110
3131
4022000
3110300
1030001
400022
122000
230300
10331
2210003
303002
131003
221003
1220
3001100
32
10001
3202100
2002220
223001
100223
40001
330200
1310003
3201002
3010040
401030
200330
312200
31010
30410
10100
143
4031000
2001200
113000
103100
100130
13031
3400010
3120020
2200022
3000104
300014
201320
32012
2300000
1330001
1301300
1031300
240200
3001022
100100
23120
4200020
2120300
2200004
2042000
3010031
32201
10403
2013002
320012
31310
2123
431000
4301
100103
10430
30104
2102030
2301002
1010300
130010
301013
2024
10022
341
122
2220200
1130003
1000004
213200
123002
301040
200231
3101000
3031001
2030120
30020
1000331
30131
2310020
1202300
2200202
3100004
301022
1400003
113030
231002
201302
101300
41300
24020
11303
22013
2030030
1403000
1003040
3032
2002001
1000223
300410
3002030
302003
200033
2010023
2003210
2300300
3004010
420002
134000
300110
1040
2003030
3020102
13130
21302
1403
20024
302030
223100
120032
101000
203210
3130010
2031200
2010230
131030
200120
1000040
4040
4000202
2000030
2220020
1103003
3230
2320100
1030130
1003010
120320
120023
100004
4000022
1400300
1002200
1003202
2000012
3212
3221000
3022010
1010030
242000
231020
22130
22001
212
2012300
140300
133001
41030
43001
4001030
3000032
2302010
143000
3103010
1100330
113
21230
30110
3131000
230003
230
110030
200123
2302100
30320
1003001
2312
3032000
2320001
203300
3010130
2000024
220310
130022
22301
233000
303020
3100400
1200002
3010301
4003100
4000001
1010000
1030022
3000011
4200200
2033
401000
123200
330110
4202
4013
4400000
1202003
2102003
1003220
314000
21032
10004
4003001
1313000
2031002
1010330
3003110
3110003
1203002
1040003
20033
102203
200132
11300
1300103
1003013
1000403
213020
120203
30014
242
4020002
2200103
1020320
410000
102002
3000002
3100040
30011
1030103
1000100
2312000
400031
102023
10031
134
4004000
2200220
3200021
220004
302102
3201200
11000
1003100
4010003
4000040
410030
202310
203021
1220000
3020120
3010022
100331
13220
1100
3300020
20330
1003103
310310
12032
3301001
2003102
1031
1032200
2030102
200240
10232
20213
1230002
311000
312020
310004
2012
2203100
302120
40301
31202
1001
322100
300101
40004
3130001
3101030
1303001
2020130
20003
12200
310031
31100
12302
2202020
2010302
3000410
302
400010
1100000
3104000
1030220
3010013
1001300
2213
1031003
104000
302201
100430
20312
1000304
230201
1300400
1200302
3100301
2001320
3001013
20231
2203010
303110
101033
100040
43100
2002010
2132
4030100
3000023
2103002
3011300
230210
100010
30113
2213000
2120030
2023100
113300
301004
31103
401
3200201
1300004
1040030
1032002
22400
220022
120002
300401
300122
21023
2002301
200042
12002
4000031
1202000
200303
3100013
3013100
1223
3031100
2020001
400040
1202030
3100100
2200310
1100033
2022200
212003
4100030
200024
13001
410
221300
120230
203120
301202
300140
2020031
203
210302
33101
4040000
3030101
130100
220010
13100
201230
202220
14003
1200200
1020002
2002031
130130
110303
103202
200222
41003
3220010
30032
1003004
322001
320201
3212000
230030
2300120
2001020
42002
300032
23003
1030031
10313
30212
31031
20021
3140000
2201003
2300021
3040010
200420
101030
10301
1400
2000000
2030003
3200
2002013
233
3002102
2003
401003
2240000
2202200
300002
2100002
2030012
13400
21002
300230
20000
3002003
1000430
3000311
320120
2003000
3100130
331100
300131
300320
2100020
313010
3030002
2
231200
2002103
301301
2130200
203030
1103030
1300022
33002
331001
303011
4100
3300002
2400200
2020400
1003130
2002130
3000020
30302
321002
101303
22004
1230200
3020012
400103
41
11033
4002200
2023010
3010103
304010
12320
2010203
100301
32102
31001
44
4103
3120200
3020021
3002120
200321
40031
330101
2000330
3202010
3200210
1020302
1001033
32210
4000400
2301200
1000340
313100
312002
20420
1010
4010030
3020210
1000310
110000
104003
30401
4001000
4001300
2210000
440000
100022
32300
3000113
301130
2000303
2400002
2020202
1002302
320102
3200120
10010
314
2020010
30002
2000312
31220
20210
20123
3101003
2021300
330011
204200
302012
40022
22202
10322
1020020
3302
2000102
401300
100013
2120003
3001010
122003
103013
1000043
2000240
403001
310001
2300003
4000220
2210030
2301020
2020013
30101
3001031
31400
20042
4100000
2303000
2230001
3010400
2004002
3300200
2003300
2004020
2002310
430001
3410000
1320020
3102002
203201
1100300
1300310
2021003
3001400
22022
3030200
3003101
210200
4310
10400
2102
3003020
1103300
33020
2031020
310130
1310300
2203001
1000001
220301
43010
4310000
3200030
1000301
1223000
1000010
420200
311030
1302020
2103020
3202001
400400
22220
40103
1030301
20030
212300
322010
310202
310301
100202
10310
4300001
2003003
2100023
131300
130400
10130
1331000
1301000
3011030
321200
14000
14
3041000
221030
202130
41000
31040
200021
2402
2130020
3100310
2021030
1030202
220400
2012003
1004003
122300
222020
101
2123000
2000132
400301
133100
310220
4000103
2202002
201032
2021
311
2100203
3010001
2204
4000301
2321000
1330010
1200230
3100220
2001203
3023
202202
4000100
3130100
3300110
1033010
3012002
42020
2000300
1030310
140030
221
2204000
1100003
40220
440
403100
30041
330002
1220003
2013020
2010200
1000220
3014
1033001
1003301
3001202
120020
100400
101003
20120
3110
3003200
2200130
3010010
3002210
2003012
2231
4000130
1300001
1030010
1043
3020003
2200100
1013030
300023
1000130
1000232
2000321
404000
3102020
3001004
232001
201023
1033100
310013
11030
300041
10013
2102000
32030
1023020
2032010
2003120
320021
100322
42200
10223
4010
2300030
1022000
2020310
2000
400001
2402000
2001230
200210
12203
4004
2120000
1300031
1001030
220001
301103
320210
310040
31301
3011000
2030
1003031
3002012
130310
222200
300311
21320
4001003
2023001
2000402
320
2000021
21020
23012
3221
1004
103310
1034
2300012
2040002
1020200
310100
102320
20240
3320000
3310010
200300
3003011
24002
10103
1230020
1030040
1002002
2000204
20222
2100320
420020
103220
102032
332000
3040100
2321
232100
200312
22103
3203000
4103000
3000302
1400030
1300040
31013
1020203
31004
4220
3201020
1100303
200030
1034000
32003
3101
1232000
3102200
3000122
1000031
4130000
4202000
3210002
2002004
202031
230021
302021
40040
1300202
1100030
30200
2300
210203
13310
2100200
1003400
3001130
23
202040
2210300
103004
200201
4130
212000
2222000
3301010
2200010
2100032
3000110
1001330
3000401
1133
2130002
1103000
2103200
3100103
3100202
1331
2042
3020201
220202
130040
203102
202004
40013
4000310
1310030
2200031
1032020
2020004
13004
20201
311300
232010
2240
202400
1130300
1330100
2310200
1320002
3021002
3000221
12020
20012
2030300
23300
1000322
224
2201000
1004030
130220
220013
230012
202301
200204
3020030
4002002
3310100
3200102
220220
14300
2000042
4020020
4000004
2231000
3210020
3002
3101300
2003021
210230
413
2020100
2002400
3001301
24200
4022
200
1000133
3000014
1220300
2030201
1020023
2303
1003022
422
430100
221000
313001
300212
100031
203003
3100031
3200012
2120
100034
2000033
3120002
2030021
402020
23102
14030
22040
431
2132000
2022002
3002201
1000400
100220
100340
200213
300104
3031010
1004000
2000231
132200
301400
13010
223010
13022
4010300
1200203
32000
3000212
422000
2300201
2200040
104030
204020
32120
2200013
2004200
3004100
110033
103010
40202
10133
2010032
310010
210002
300221
3011
13202
3311
1022030
3000140
212030
110003
202001
1313
2420000
2200400
340001
12230
13013
3230000
2220002
120200
20321
1430
4010000
4002020
1310000
3113000
130202
4100300
3100022
400100
310400
303200
2100302
311003
302000
2010002
2002202
1202
104
1400000
3400001
2310002
102200
1002203
1000013
210023
1013000
3011003
1030400
3030110
1010303
30221
200000
3002021
400310
103103
31130
104300
301220
22031
3000320
1301030
2002040
400220
130103
3200003
1200020
2022020
202010
30203
2002022
201200
40130
34100
20132
3113
4300010
2201300
3010004
3001001
102302
320000
200402
1303010
2201030
2032100
3020
20
11003
3302000
3030020
320003
33200
1010033
1301
3104
3110000
1130030
1303100
2302001
1200032
300203
240002
12023
20102
1304
331010
34001
20402
40400
2230100
2013200
1001303
340100
220100
203012
110330
310103
202022
2102300
1022300
2030210
3000131
132020
32021
1004300
402002
224000
3023000
4000010
3210200
320030
1300100
10220
120302
22010
10034
4000013
2300102
2021000
133010
220130
2024000
100403
13103
404
1000103
1130000
1322000
2230010
3010202
3001040
3401000
1203200
2100230
2001023
323
3401
1003310
2000201
410003
240020
100133
4031
3400100
3012020
3010310
2001302
301031
1030013
1000313
1000022
213002
22100
30122
323000
1300013
122030
201203
100001
3012200
3001103
400013
140003
3203
310022
301100
2330000
4013000
2000003
1301003
3040001
10304
1043000
1030100
1002230
11
3003002
3100010
1023200
400130
130301
123020
304001
102230
3103100
3100001
1040000
2000123
410300
30140
140
4100003
3310001
3022100
2020301
2020022
222002
1022
2330
2000420
403010
302210
4001
103001
21203
20204
3311000
1030004
1002020
2000222
3000101
1103
131
1010003
2000213
321020
110300
31022
22310
30311
4003010
1300130
23000
102020
40010
2030000
3000203
430010
100313
110
3020000
2420
4301000
3110030
301010
1013
2010320
30023
3001220
3220001
1304000
3300101
1031000
3013001
2000210
130031
202100
44000
3410
1000202
300011
1002320
101330
2201
130004
10043
4200002
3122000
3300011
332
1000034
3000200
3000041
200012
23210
13301
21200
1340
230000
302300
2020220
113003
200102
202103
301001
3200300
203000
1022003
2002100
103400
210320
103301
1302002
2300210
3021200
2001032
413000
2000120
10340
1232
300020
2010020
3004001
3320
1002023
