3021030
30402
3234
3033300
3200043
223002
100233
4323
2301300
2013000
230301
23202
2220033
334020
102003
30234
30201
234
2230302
213300
233130
4023
2130033
3130230
4200300
2202033
3033
31203
3021000
3023004
2031
2332200
2304000
3403200
432300
10320
2100
330012
302220
4302030
2003331
2000202
3022200
2300034
3200022
32133
3000321
3320220
3040002
10023
1033320
3201303
3100323
233400
233100
133230
133002
3023100
3312
4032030
300030
2100003
2032302
4000323
320400
1230000
2033301
32430
3120300
3342000
320022
42300
2203032
3201000
31320
2303001
3133002
3210330
2334
2331000
2040003
2034030
2030100
300330
2004003
233013
301323
2003010
220320
203130
322230
2130330
3022032
23313
430023
203133
320403
3033030
3031032
130302
322320
312
2030034
232320
13200
3300213
2220000
2232030
2002323
313302
3012003
3010323
3432
4030023
2023020
3200430
230013
4002300
3020043
40233
20022
3032202
3002100
240003
3303012
1203330
2303040
1303002
2300043
3013020
43203
23013
4003320
2130000
2000004
234030
30324
200232
320100
1002
3030120
32310
3303120
2320200
1033002
322032
332001
201333
3013302
303213
33102
1300230
2003220
3200400
120330
33021
2230320
2004033
3423000
3002310
2300223
202323
3302220
3240
3001233
2033040
1000230
3202230
3010332
2004000
34302
1032
323301
3034020
331203
32403
1033200
130323
100032
3013200
310203
40230
3023040
340200
3002403
4200000
2400033
2322000
200043
333102
303330
2003013
24300
3032400
3021033
2034
3003042
4000020
1330302
2001330
430320
2303100
210300
220302
3132
2301003
200403
320340
32304
3302013
3002331
3001203
3330012
243000
3031023
2433
2130303
2303031
1033032
3402300
10230
2000304
3132300
430002
231003
2331003
3103302
204030
34002
204300
23322
2013
2310033
3120303
230001
3010023
2130030
230043
3040032
3000033
2040030
320133
3200310
23220
332004
301233
2020032
403230
3301320
3200340
430200
13020
3030021
1033023
3200103
42000
2004
32400
3200100
200343
3313200
3002304
3320001
301230
3231
3021
4003200
3130200
3202203
231330
2103330
402030
3030204
4230003
2220303
230130
313320
34200
300402
33402
2303010
303240
300420
3132003
3202320
301200
32130
3300222
3003240
3000201
1203303
30333
23034
32100
232230
202302
200430
3303030
303303
3240300
3132000
402003
204033
3030201
3202032
220032
320031
3300030
4020330
1302303
1300032
2313300
2220003
2300133
3323100
2100000
2320302
303300
3400320
4230
4000332
1320330
2023203
403020
3201330
3301230
100320
3301032
2202
2130300
1000233
3210033
103002
230202
3002220
1230330
2022303
3234000
233310
2033130
3321003
23100
320223
302430
2001300
204000
200334
3013032
3310002
3012303
42033
4020030
2022330
2003022
203013
3003102
3303000
2301030
2032020
3034002
132033
3004032
3213
2233002
2000340
213030
233010
4033200
2103300
302013
3000222
2103303
1003323
231030
302322
1000200
30423
303033
2030004
2002230
3320031
13203
30132
2332020
1033230
120000
132030
2103
2330220
2303013
203301
2310
243300
312000
243
2330001
3024030
340032
3103200
3012030
3002133
3020232
3030303
4002330
2332002
223020
2040
2303310
2302203
2000310
22233
3231000
3200031
233022
220203
2043030
30303
2020023
2003043
222030
3002001
3003000
2333010
2300010
2003232
3133200
3123003
3040302
3020040
3000012
2302230
30330
3203013
3200034
3223020
203223
3022203
23022
2320002
1023300
2031303
3132030
302100
3030402
3320301
3020031
10002
330420
4000023
3303
3240030
130233
4033002
2010303
320103
3031002
4320000
3210300
231000
201030
3004023
432003
234300
24330
20403
234003
2322
3403002
3040203
323010
2403000
333300
2200323
2010300
2310030
2301000
40203
331032
4332
2403
3000333
333003
2020203
13023
320310
3002103
2303103
230322
3020304
340020
33003
203400
3004002
300234
1230303
103320
32013
220002
423000
3012
4303020
2300430
2002332
3020403
332220
32322
3330102
2330400
330030
2200302
200010
320004
22323
3302040
3033102
3003321
42
4023003
1030320
202032
3304200
3004203
2200320
3220320
42003
3032220
3010002
4032000
3220032
420303
403203
3213030
100230
3302130
201303
320040
3000303
1200033
2004300
3230004
3003300
1002303
3302031
3300120
1030323
1002033
3103020
232032
3202302
230403
32223
3102303
43002
3032100
4300203
4030002
4000002
3213003
120033
302130
2300400
33303
400020
132300
310032
3030213
330240
3232200
331320
300204
2301330
2020230
40323
223203
201033
3340002
304020
31230
2303130
2010333
220233
20043
12033
20202
4002030
33000
2030430
22200
20310
2030043
2003223
3300240
4030320
3430200
310020
3002010
2233200
3202200
3013203
3323010
313002
3002031
30042
3003303
1330320
3013320
303021
3020001
24
4330002
4203000
1330200
200040
3210000
321030
3033210
2002002
423300
132003
301332
30120
3430020
240330
3322002
3021330
4302003
103302
3303210
3033021
1203030
23304
3302202
3222030
201300
3002322
32043
4000032
30
230034
3022302
423003
403320
100023
1323300
2030040
133023
324000
23403
3200004
402300
213330
200100
324300
300012
342
4200
300432
300243
4002000
3013002
43230
3302010
2322003
2303400
3202002
3032010
402330
3020340
23400
1330023
1020030
1030023
1002030
3030240
4030020
3213300
3233001
20400
3301023
300210
2043000
2003310
3240003
402303
4330020
1002300
304023
3030210
4302300
3243000
23043
1233300
210003
3023310
3004302
3330120
2330301
2023320
1020333
123030
3000102
4230030
133320
3032013
3002313
1323
3243
3303003
2031330
433020
100200
2022003
330321
1330203
433002
230223
3312030
13032
2223003
1300233
3420003
3204300
4320300
3420000
3203031
31002
3102300
130032
3340200
40020
4302
4003203
2133030
2300001
43200
3231003
332202
2430
303231
2202003
2013303
1020330
2000331
2223000
1003203
130332
312300
4030230
2330100
2000013
3312000
420030
403002
3010233
3020202
3000030
1230003
2100333
2040033
22302
34203
3312003
3204000
1303230
2031030
2033010
1000332
3033003
3200010
3022230
33042
3304020
4200033
330
200340
23103
2230032
322302
12330
3003
220020
3313020
343200
3123030
313032
33012
2300403
2023230
3230202
3301002
204003
30102
30321
33
3102000
400002
120030
3003201
2203320
1032300
33330
302103
200103
3003402
43320
4300020
1030233
100323
320331
32220
3300330
1230033
2030331
103332
2030202
320034
24303
302301
332400
2203020
133020
200001
21030
2030223
2003400
200331
13302
3002223
302040
1030230
303
3233100
2100303
1030203
3030132
3003012
310323
3332010
32301
2233020
2022033
2030322
3043002
340002
3030312
3300042
3230040
420000
130320
3002202
330000
3220230
3120033
3432000
210000
3003330
1302033
1302003
2003202
403023
40302
20232
0
4300302
4200030
3130023
132
300342
33204
2310003
2100300
432030
342003
130020
3000243
4302000
4003302
2320020
2004030
32040
300213
102
1020000
400233
3310320
323004
20013
331023
3300300
2033103
2020233
243030
3300201
3000324
2203002
3023001
323130
3331002
3303102
30021
23310
4002003
1203300
2032032
1000023
3330000
232200
230022
1203
2043300
2013300
2031033
4300032
2100033
2300013
3320022
30213
3030012
3003003
310002
301302
3003231
1033020
203034
303312
3002013
3033201
3003021
2403003
1000203
42330
40320
2000433
3300402
30231
3030033
4000320
33033
2001033
2010033
30003
3020103
3203301
30222
2310330
2230002
2100330
2040303
2010330
3102003
330213
2433000
2033031
203202
3023130
2000133
203043
3001302
4230300
1323000
2030031
2003322
2203302
2300232
333210
2330004
1023330
3203400
21303
2330013
2020200
320313
303024
33210
1032030
3043200
322023
303402
233220
130002
3023202
2320230
3102033
402000
213000
200220
312030
21000
10302
400032
210330
3010020
300102
33231
3303300
210333
202332
340320
3030030
222303
3042003
3020430
3001002
31332
3300132
3000000
2003133
3400032
324003
233004
302304
2430030
2313030
1303032
3400230
300201
4032003
203340
3042000
20340
3330021
4023300
1020303
342300
2130
3032103
3000204
1200030
423030
3013023
313230
210033
204303
3023022
20313
3020220
3103023
102300
200133
200223
223023
203232
24030
33213
2100030
1003032
240033
200304
320043
2300100
2001003
3230130
3200232
2103003
3020034
2033022
230220
201330
30024
1323030
2030022
213303
3313002
3023301
301032
302400
4320
2340300
103023
3020223
320322
2340003
1020033
42303
3031200
2030103
420300
202023
100203
3000021
3321
3333000
2202330
3220020
203001
343002
2010030
3232002
433200
203331
3023010
2223
3342
1230300
1300320
222003
103323
210
3030024
3033000
1032033
2030310
2003304
3302310
230133
3300024
3030300
4000200
2030400
3200331
3222
1332300
323202
3003420
3003222
4020
3303201
1303200
3320103
3040230
302313
2043003
1002003
3003033
4003032
1320000
2340030
2033310
2000400
320232
3300420
222
2400000
3130302
304230
3033120
203103
340230
3300021
200013
3320040
3024000
22332
4332000
2040300
3300
3430002
2003313
3402030
3201033
3320310
2323020
1320300
1032003
2010003
332100
34230
3300312
3320400
20001
3100032
133032
3040023
20433
2000301
40332
301002
303222
3002340
3001020
2033001
1002333
1000020
3203040
2022000
223320
3020130
2300220
3201300
301023
3300033
223200
123330
302331
130203
3000231
330132
4200003
3030330
3330
3231300
3330003
1203033
233040
3400302
320202
3031020
12003
1303020
200130
3023013
323220
21330
2034300
1003233
3400020
310233
2130003
33222
3001023
2302020
2032203
3220203
3302022
2303022
3240000
203310
2322030
23004
332310
100020
3040200
31200
240
2323200
2230203
30030
3100230
2300310
230304
22002
2000334
3022020
24033
23130
2310300
300300
13230
2303220
1023000
1030302
100332
333021
1320033
3203100
123303
3004020
2003034
233103
102303
32010
1200000
301320
423
303000
3322020
2333001
3230031
420330
2313
4300023
2220030
3002400
303123
3302001
31302
303210
30123
1333020
3230103
222000
10323
3133020
100302
10032
1300200
1030020
2030013
1000002
30000
2000001
310230
312003
304320
3420300
3222003
340023
321000
300321
3130020
420033
331200
231
4200330
2030130
2000130
2000043
3000
420
4023000
2023032
3331200
330201
3030003
2030403
3020301
324030
31032
2343000
3230013
102333
3020331
3000342
4020000
2333100
3200001
3024300
4320003
3032040
32031
3030123
4300230
2322300
2304300
3230010
3203130
240303
213033
330123
300000
2034000
2030232
3333
302403
1300023
2001303
3223002
3100233
3200313
130200
3010230
2403030
330330
330312
30300
3202020
240030
323013
233202
332010
123
2300301
3323001
312330
3403020
43032
21333
3033012
2223030
2320032
1320003
2030220
430302
230232
3020004
3032310
2000220
3130320
3220023
3203022
1023003
2000223
2300004
2000313
2000103
230340
213003
30012
2200002
31023
330204
33420
4203003
303003
323031
320430
20031
302133
3102030
103203
3042300
3040020
1302300
300333
13233
2300103
123033
2033004
3200202
203403
330222
430230
120003
202320
313020
1300203
223230
3102
203430
3024003
3022023
2302302
2034003
2002233
430020
3300303
300033
2033100
3000024
3031302
1330230
2103030
1032303
3420030
30420
303042
2023023
232023
200433
332040
2001
2400030
1300002
2032320
123000
123300
1020
2030010
2003004
3222300
420003
3310302
302340
2400330
2200230
2300040
1002000
230040
3400203
3300210
1302000
2000040
223302
203022
4032
3303021
3300321
4020300
300303
2002320
230430
2002302
12300
32313
3000234
302004
2330040
2000343
3233010
302232
2133000
2002203
24000
301020
2403300
3210030
3332100
400200
2230200
3100020
1300302
2013330
33030
2000022
2323002
2330010
2304003
1303023
3200133
32022
330021
200202
321330
4200303
2330202
2230020
133302
4020303
2003130
3120330
2032200
10332
4233
300423
2302032
2200332
2300031
2040330
3300123
1323003
2301033
3204003
343020
2430000
2020020
20130
4002
33132
2220330
2013033
3223200
3001230
3300102
1302330
400203
200301
3000423
230031
322203
20103
3031203
4003023
3000300
120333
42030
2330310
3203202
34320
3120030
300222
2003403
3043020
333030
1300323
1030332
432
300
200031
2343
2010
3000213
403302
200313
3022002
332013
3123
4300002
2002020
3220200
22203
232302
3301200
32004
300312
1300020
2023200
3010032
23232
3003204
323022
33312
4030200
2033400
1003020
3103002
1233000
3210303
10020
302223
3400002
3310023
3030231
3200301
220200
2232
2230023
1330002
1030032
3120000
3020022
333000
1303320
1000320
230004
10200
3002004
3003123
303201
2330022
2000430
200034
323040
1030002
202203
3302004
2030001
40032
332103
303102
3302301
2331030
3230100
3200220
320301
2200020
3130032
3021003
20223
33300
202002
20040
3003132
1002330
3203103
1003302
12333
330210
3203310
3200322
23301
302022
1333200
3201030
230310
12
22320
2133300
1333002
2300304
300003
2200032
1200003
3123000
3302103
2320203
2001000
2003301
300021
3301302
3030102
330120
220230
3003210
330402
1320030
2300130
3213000
3100320
2002032
3001032
300024
1320303
3012330
3000402
300231
3002043
1303302
2000100
210030
20004
3021303
3003030
2033202
3100200
400320
4020003
2203203
3330201
3000210
3000042
321
2301303
232203
3012000
32232
230010
22020
333201
2430003
2031300
1320
300120
330303
2031000
3301203
4303002
3423
2030301
302202
2340000
3020400
321303
303012
1233003
3102330
3202023
3003312
4030032
3031320
32034
3010302
3031230
3012033
3302400
2300202
1023033
222033
201000
30342
2302023
123003
310332
3001320
4300320
3310230
33024
2032002
3230001
322002
23223
3032130
1200
2331300
2202303
2010000
230100
3024
1020003
3
3300231
3000240
321033
332022
3300204
333120
2020302
3203004
230103
202020
4030203
2020320
1003200
200310
1023
3000432
2310303
2020002
2004330
432000
1233030
240000
240300
320220
202230
102030
23340
133200
103020
323100
3003120
2023302
2022030
3230301
243003
332301
32202
330231
400323
102033
3340020
12000
12030
3001323
2304
3023400
310302
33123
2400303
3222000
201003
3021300
132000
202200
3312300
323400
2303004
2200200
2003100
3103203
2033220
40023
332130
4203030
2313000
2030313
310320
230400
3022320
23010
1300332
2000031
3023103
21300
4320030
1302030
3320013
20301
3001200
402
4003002
2303202
2300340
3130203
3402
324
2040000
103233
3310200
321003
40002
23040
304032
201
4330200
2203230
400023
320130
2300022
20220
3032022
331020
231300
210303
323310
23001
1330020
2103033
2030340
400332
304203
3330300
1003230
1000323
3020322
323103
334200
3000330
1023030
3230400
203100
3324000
3320004
320010
43302
2304030
2302002
1023303
231033
3120
2003430
3001332
2301
3420
21
2000322
202233
321300
320001
120300
3320010
3004200
2032230
2020323
3200304
234000
3002034
30243
3203220
3023031
13332
20331
200022
3040320
20034
2230230
1230030
330003
2003031
1302
3232020
400230
3321300
20100
3002430
30210
2303301
2200233
2002200
3100023
22230
4033020
1332000
2032023
220332
1003002
3010320
2133
302001
303132
3030321
3300000
1200303
3220302
22023
2133003
1032000
23430
3300012
330102
303420
3000312
3100203
233301
3042030
20430
2313003
3203001
20322
3003024
3310032
332031
302010
300132
4000230
1030200
3123300
3200040
1000302
203322
3023220
13320
2330103
2320023
1020300
1003023
3331020
13323
304302
1230
3030000
2013003
3310020
313200
3000420
330300
2031003
2000034
3020133
2202030
3402003
3200013
3130002
2400300
3002232
21033
34020
4032300
2000232
3210003
3301020
130230
3010200
2043
2103000
2302200
333
403032
1200330
1000032
3230022
20010
32331
30312
204
2223300
1200300
322200
331302
30204
2330130
3400023
23031
21003
2310000
2030304
231303
303204
1332
33321
1330032
3230220
120303
3032004
330033
103200
3002301
1233
3231030
220023
303120
2330031
2000010
203010
300123
3320100
4323000
4002033
2202000
222300
23133
3030420
330042
4203300
1303203
430203
430032
132303
3003213
300324
2003103
304200
33120
2334000
2320320
2300331
2013030
203313
342000
310200
300240
2302320
200004
20304
32103
220323
203040
34032
32001
4023030
4000203
1003332
3030
2331
30432
203031
3020100
2340
1203003
2030133
3200130
132330
2022300
3230310
4020033
3032301
302031
2003001
3013230
3002130
402033
3020310
3030222
4000233
12303
3032001
4000302
102330
103230
103032
342030
303321
203004
200400
22032
3324
3330030
3100002
320304
32340
2232003
2203023
2001333
233001
2200023
312303
3000123
3042
3201
3000003
3034200
3002022
334002
1200333
2300322
3310203
213
1033203
2003340
10233
20133
4230000
3103320
3032031
3010203
3302100
3004230
34023
3100302
313023
20343
331002
4233000
1332003
1032330
3201003
1033302
2000403
3020013
3330210
4002303
100002
3000132
3210
3320130
330024
1332030
2300313
2001030
230331
2004303
3203010
301203
33240
403200
102000
3004320
13002
31323
2202300
2200203
203220
3320202
3020313
3100332
232020
230313
3321030
333012
2023002
3200403
302310
3030042
223032
40200
20334
3002040
2033013
3103032
322020
30240
233031
3304002
4003020
2400003
30033
3103230
2220
3220002
313203
323001
10203
1203000
303030
302043
31020
4303200
400302
222330
203304
340203
43020
23331
2430300
2232300
2020332
130023
4203
3300003
24003
304002
43023
3332001
302034
2022
2220300
331230
31233
3204
312033
320013
2400
2232000
1003320
232002
3020010
4300200
3120003
3322200
200322
2003040
3400200
3200223
204330
2203200
3012300
3402000
133203
33201
2002023
120
300042
4030302
4003230
340302
310023
3204030
3321000
3000120
