2110400
4030100
1013021
312011
1130300
3110300
2001320
132110
1100030
3012002
1230110
40103
2012012
110042
3001211
4010030
2032010
2400110
2114000
201212
1004030
3000140
412001
2200121
13103
201302
2123
131102
410030
1101200
2101100
43100
110120
2411
1002203
1002302
2204
421010
332000
2002031
303011
1022021
2002301
130400
224000
100301
2100041
1200011
112202
420002
2400101
100214
3100310
1420100
23102
2001401
142001
113201
2102030
1023200
122210
221120
1121
3030020
201020
400310
1201022
14030
10322
3101000
1412000
12002
4001102
100304
2210012
101201
4200110
3004001
201113
1120040
1021040
420200
1104200
103121
24101
1403000
1400300
2020301
2001023
1000004
1300112
101132
1103003
300320
1210202
1200311
110123
3200003
3001301
2410010
132002
1220120
120140
1004300
323
13022
1130
3021101
4000100
2100014
1030112
1001321
310004
1103210
1003301
122030
221030
302102
1100402
11102
1030220
30002
10214
1020401
111302
2010200
40022
3010013
2000213
1040
3220010
3010400
100133
1031102
2030
1000202
120014
2010020
103301
1021103
1010120
3014
112031
110204
1310000
402020
2000030
1034000
2211200
2110100
320120
23201
3300200
3200102
410021
2011004
1001240
1200020
4021100
1213001
103103
42002
40310
203000
300020
210113
4103
3210101
121202
2102120
2222
3001130
2401100
2111003
3200300
300203
2202110
1021310
1000313
1312001
230102
2201102
1041200
1002140
2120000
2320010
210230
1310012
1301003
30320
114020
100130
200123
400400
1031021
24110
3000023
2021300
3031100
403001
310130
1120130
2110130
100322
4101020
1200032
13202
30221
3020021
1041020
1102040
1022210
22013
141002
123110
3122000
212003
2010002
1004000
3000131
1110230
20132
101
1230020
2020103
112301
130112
1401020
10340
20111
4000400
2020100
11033
2001221
3201200
1120022
1321001
112310
10112
301112
1002002
302
12020
212201
201041
302000
1100300
100034
32210
111002
4110200
314000
1033010
200
402200
1212200
201320
12032
2202020
2300120
21113
211022
11420
104102
4000040
300110
30212
221003
130310
1210013
120002
202130
1001123
4000022
1001300
4010021
403100
1001312
12410
2310002
4021010
1000220
310310
30014
230003
1043000
2110004
302012
1032110
101123
2141
2021003
331010
1401200
1010222
2004200
1000304
2040200
221
2100401
11222
1230200
2221100
1304
1022
3013100
130103
301013
20120
10202
41
2210003
3000302
400211
310112
220202
1013102
2022011
213110
21101
4010210
313001
10004
310202
1040201
131300
1001303
3001004
40202
311120
3001121
2140100
220103
200213
2420
1220
113
11123
400220
2113010
3010130
3002
203120
103013
1021004
211400
1331000
3031010
21140
1000430
1400021
1312100
3300110
3020120
2110202
1201400
30311
11210
2200010
3010010
3041000
341000
2104001
143
240011
231011
2201000
2301002
20201
101204
21401
2032100
2012021
103220
200321
1012013
31112
1002320
233
120110
104021
32003
2012201
11030
412010
3010211
3221000
2000240
340100
1021130
1202
3101021
230111
201410
2200013
1000010
11213
1301201
1122200
212030
1203101
200204
2010311
4000013
130220
111203
110231
1030130
30401
2004011
302111
2200310
1022003
2011220
210212
202211
2310200
310100
1102220
210311
2000303
20030
121013
120203
401201
41120
210023
224
12203
1000301
13310
1011023
111320
120212
3401000
200042
131
1301000
200300
1200221
14300
311210
2001230
31130
2012030
2000021
102014
1230002
3030002
1102010
401
3100121
1000013
302210
1214000
1310021
1100201
1120103
2110022
2101031
1100
110321
1221002
1102001
3011003
311030
4201100
2103002
100013
1012040
1002410
2000411
102011
4201010
1421000
130100
220010
2014001
3030200
1003004
2120210
10040
2212001
2101130
1004210
210221
40211
1232000
404000
21110
220130
201131
102302
100040
420110
402011
221102
14120
1032002
1240100
410201
1221020
102320
2020130
1201040
212120
2003000
2301110
10034
111200
2002400
2011040
1400201
143000
1110002
1020122
320111
1214
2400200
2030030
1122002
101000
11000
2030000
2300
1022120
131210
102311
2110310
2310011
400004
312020
1201013
22220
1012103
3010121
2013002
1020032
2300030
103010
3202001
2111030
31100
1012001
1010012
222110
1300022
1112300
220400
1011302
1021022
1023011
2010131
3001112
2230010
2020220
3230
322001
102230
1021010
2210
102131
2000000
4121000
1021301
1010420
402110
223100
2100104
130001
1101023
300122
2240
400112
2202002
2000210
3101030
3000122
2130011
2100410
24002
2020121
2210000
4001300
210203
202400
100004
3111200
3002003
1003010
31004
10331
2023001
400130
2024000
410003
2311001
1102100
1031120
412100
320030
1300100
211310
12113
3130001
2202011
1211003
2200112
112100
2130020
4002020
10100
2042
301220
31031
222002
1220012
440
3010001
1131200
2010011
101321
1103000
2000033
3401
1412
4001201
2030120
1003310
320012
1100222
1042010
23012
3210200
2022200
121040
132011
204101
200210
241010
3103010
221300
200000
4010300
401021
1031030
1000031
1212020
2013110
13010
2240000
2301020
4200011
2110013
100001
2004110
101042
1231001
1130102
2021030
1410020
113003
1110020
4211000
3300101
2010230
231020
320201
32012
2201
3300011
1013000
301301
300140
2100122
1001222
400031
1222010
102023
2041100
1020011
131120
4300001
4003001
4002101
2131010
30104
422
3211010
3131000
4011200
203210
100400
231002
10121
2000024
410000
134000
2221010
3120020
330002
1001033
2000132
202001
13013
3002111
2010032
2002013
2000003
2000
220301
1301102
1302101
1003112
100112
2330000
2400002
20210
220121
13211
1421
32030
431000
23003
232100
2031110
1023101
110102
1203020
3103001
2
1012400
4013
3100022
2030021
101120
102200
14
101024
1301012
31040
1220210
1002110
2001101
210122
41201
300302
3002102
3011
1202012
10133
420011
32111
4000103
3010103
2002010
2122010
1010210
2222000
3013001
201104
1200023
220040
2020022
2000042
1002113
2120300
1320002
4200101
4001012
2011400
121100
4120010
2100203
21302
1010204
140102
220001
101030
3000221
320210
3112001
411002
23
321020
2002310
221000
110030
2022110
12104
4400000
2320100
2020013
1122020
3100040
2012003
3000203
220112
2401001
220004
2132
200114
311201
2102300
2020001
1000214
211010
1301030
3003101
1012301
3102110
12011
1000100
300014
200201
1002104
20000
4000211
140000
1211000
2112020
120230
22031
30011
1030100
3002012
401012
212210
32
2210102
1223
211130
122102
210410
4200002
3212000
3022001
1000022
140003
4110020
1200200
2120021
1203110
23000
321200
30230
31301
3000230
2200301
132200
31220
1020131
4400
3003200
2200400
201101
310211
1000130
1100213
1301
12140
3010220
1000400
2001200
1101032
300101
43001
4301
2300000
1030001
2101202
1010024
1001012
140
4020020
1201202
1240001
1113200
2102
2030012
3030011
313010
201203
2030201
1140020
4121
3001040
10022
2131001
1103120
1014020
1340
2001302
2000231
2302100
3030101
3120101
1100000
2300300
420020
320102
203021
211031
303002
20033
22010
2021021
10211
1112
3102002
240200
2100212
24020
2000120
1101203
300212
1132010
1311002
4100210
1320110
203012
4030001
203300
20123
120410
10421
303020
200222
202031
22103
3101201
1300103
30023
3111002
121220
1003202
2121020
4003100
330011
1100012
30101
1400030
1310030
2000312
301100
4003010
2001203
1400
2312
2101004
4004
1210301
1000421
3011210
42101
3210002
3000032
1211300
1210022
1102013
21230
1031000
1020320
210320
10103
1003211
1220030
1330010
1321010
23120
2011010
2231
102221
4103000
3300002
2001002
1000133
1202021
10304
3200021
1030400
232010
213011
1022300
1010033
4002011
22202
2203100
1023002
1211030
310301
310031
2100011
13031
221021
230300
400010
201221
2114
2100311
31310
10220
212102
13121
2140001
102032
3020201
400022
3101012
104120
101240
4102100
1210310
131021
201014
2003210
121031
3102011
3011120
3000110
1401002
2400011
202013
1100312
321110
2200040
3003011
130022
1101020
100310
300221
200021
404
2002220
2003201
1011032
2001110
200303
123002
304001
2001104
1004201
2202101
110210
113300
1210010
1023110
221210
2211020
1210031
201023
3020210
2000102
1012130
10001
231101
1223000
2213000
3131
204011
3100103
3000113
2122100
1120301
2201120
4002200
1020302
1202102
112130
3012110
3200201
1003100
3014000
1240010
1112000
103310
1102130
2001014
330200
302300
2410100
1221200
210302
2011301
22001
3112100
300023
1001003
131201
204002
1002212
2030102
130301
2330
2000402
123200
1100204
1022102
2010140
4200200
2200202
30122
4100120
140300
203003
2003003
2101040
121022
1300220
2310110
1203002
1013012
1133
3012101
11042
320003
1304000
1030013
1120031
2201210
230030
1022000
2022002
1220102
2100140
1300040
33002
230021
2040110
201011
11021
1013030
1121003
2100230
1220201
2101301
32021
3100112
20411
4010000
3003020
1020113
1001420
12014
2002103
300011
2321
120113
401000
1212002
1120220
33101
2031101
1012004
1300310
3010040
3003110
2002022
220013
3221
3010301
4010102
2110031
200132
1020410
101012
21104
4040000
1120310
1004003
100022
4120001
2100032
1031012
30131
2203010
430100
21203
121103
204110
41210
2002001
202022
2110001
2041010
240002
131000
301202
1100021
12200
1020221
112040
120011
2141000
2110301
322010
2220011
3101120
4220000
320
4010012
3001100
4000121
2122001
1000142
2230001
1030022
310001
1201301
1020101
12221
2100023
110330
3110120
321011
41012
10142
4000031
1003121
1201100
2021
11231
1100033
110000
103202
1040102
421001
110312
100121
2120003
130040
100211
3000101
201200
1301021
1302200
1003013
100421
2121200
10043
1121030
20021
122000
231200
30041
411020
41102
1020203
1020002
10010
1000112
141020
1202300
2011013
40130
1320200
1001330
1110200
1220021
2102201
2101022
220211
2312000
3200012
304010
2102021
10301
1002401
140012
110201
4210100
1033100
101312
21311
220220
1203011
1032020
3023
3000401
1011200
10400
3200111
120101
201110
2220200
3032
2002130
410102
2130110
400121
1402001
2010113
302030
2031020
1100102
110213
3130100
130013
2003012
310400
201002
1010201
2010041
211202
1130003
2203001
130121
301130
40004
3004100
1102400
3010004
3002201
1002032
1311200
230210
1011230
2204000
1010030
112013
21011
1012202
20321
40100
2013101
1322
4012100
2020202
1103201
202040
103004
2012210
2012
2020040
1210130
200033
2000420
1103102
200420
2213
122120
1303100
4101002
2112002
42020
1001
120131
2100320
332
1123100
200330
311000
1200410
200312
2300111
3001103
1000034
2210021
31013
1022012
110021
32000
2121002
4031
121310
4000112
413000
3041
200111
1110032
2301101
100220
2011130
312101
430001
131003
331100
3311000
4000130
322100
1120202
20042
4000001
3012020
1102202
13100
2011100
1040003
1210400
1110302
301040
1232
140210
1010303
120320
2201012
1010123
104012
1124
400013
204020
220022
2041001
33011
3220100
400100
422000
3010112
2120120
301010
1020110
413
3100400
213020
1014200
3112010
10241
20114
1402010
1100420
1200131
1200101
14000
2011103
2010401
10130
230
240020
3410
3111020
3200
1003103
1123010
110303
310022
1042001
4013000
1100003
22112
133100
120020
1020014
240101
124001
3100130
3040001
1002014
1013003
1201220
2010221
10013
112010
101210
3400100
2000204
1003130
2110103
104300
2104010
21200
2031011
302003
2300102
1020212
3311
33200
103040
11204
2231000
2200004
2000123
1102310
203102
2103101
3121001
140201
2130200
3000002
4002002
30113
312110
3101300
2300201
4101200
22301
1000043
200012
42011
301211
4202000
2001020
12230
2013011
2010212
200141
2130002
3203
1202201
1102031
22400
1030121
1002221
2003021
202310
102401
4211
311003
104201
130004
2103110
2021210
20012
3410000
122003
34010
120122
2120030
120023
3010022
1420010
113030
202010
3032000
4031000
132101
1310003
21020
1002131
1031300
30020
3101
2220002
1030310
1030301
2310101
41300
10031
214010
311012
320000
3113000
40112
1100303
321101
3001001
301022
1200401
100103
22040
1303010
3011300
3002021
213002
2030111
1010021
221012
20141
4020200
4001120
1001201
1230101
1020311
1130021
1024100
323000
2401010
2004002
1204001
2012102
30140
2010101
210140
3040100
2030210
12122
132020
2110220
301004
2100221
2200211
13220
3020300
2200022
134
120302
103031
201122
12401
11012
4300010
2140010
2120102
1100240
22022
1010132
2001410
3023000
1310210
2221001
111020
1303001
400202
2210201
100010
1100024
1400000
2003030
2102012
100331
40001
2011031
101231
1132001
1120100
312002
1113002
1001132
1002101
311
122012
1302020
30200
101102
20003
3121010
4200020
3010202
220031
1130012
100232
1200212
10223
20312
1040300
30302
401210
241100
23210
14021
3100001
2101310
2210210
2101013
4100102
4011020
103001
1042100
3000014
2110010
2101001
1013120
410
14201
2012300
1231010
3201020
410300
1110023
200024
314
33020
2020310
1213100
1110203
1104002
1201310
2201201
22004
2230100
1010003
3212
3012011
4112
31202
1013201
3130010
3001013
3000011
2211002
1004012
3140
4100000
233000
3100211
21221
340001
21131
4120100
30203
2000114
113210
3020
20240
3000311
2014010
431
210110
1330100
1003220
100340
1022201
20024
114200
3020012
1201010
2410001
1140200
2303000
3101003
104030
30110
410210
2012000
2001032
1002011
2002100
1013300
1023020
1001402
140120
110222
21122
110033
302120
130211
223010
2110040
21320
21023
101021
23111
4030010
1112003
2020010
1312010
321002
40040
3100031
4010201
2040101
1020104
3210020
203030
401030
210020
101303
21032
241001
120041
1300202
1020023
3011021
1200203
2021000
212021
1200110
1012031
1200041
4202
400103
2311100
1100321
14003
3210110
112400
112004
311102
1310300
310010
201230
1300031
30032
1101302
4310000
3103100
12320
3101102
40121
2131100
1102103
1002230
102020
3220001
3013010
1001102
101222
4020110
400301
202202
1300121
210101
11120
2023010
101330
2021201
2001041
213101
1010330
300401
1400210
1040021
113000
1202120
200120
402101
114002
210041
3120002
3200210
1300400
23030
103130
1200113
40220
231110
2321000
3310100
200411
2013020
1030004
3001010
1103300
2200220
1200302
1100042
1302002
2042000
20330
1000232
220310
210032
1133000
2103020
211001
1200014
212
331001
40010
2021102
2001011
421100
2302010
4012001
430010
1210103
1204010
1001120
31121
3400010
2303
440000
210002
204200
303101
1201103
2001122
2400020
2301200
1222100
1310102
1101320
40031
1004120
1001024
3100013
212300
240110
1112030
1031210
110420
3200000
4102010
1200104
1011020
3201002
3002210
1000331
142100
1013210
3211001
124010
121130
2111
1300013
1010000
30410
2100002
1123001
1130201
3110210
222101
1142
23300
1002200
1030211
2002121
112220
104003
1100132
32300
213200
202220
1201130
12212
3020003
1040030
3121100
2100101
11003
200240
3100301
2130101
3020111
310121
320300
1012220
2120012
1301120
3011201
2201300
402002
1024001
20402
4040
113120
3120200
4001210
2411000
1104020
301400
201032
2200100
1030103
41021
3302000
220100
202100
34100
32201
1034
242
140021
202112
100241
1400003
2212010
10124
31010
2010410
2020112
1043
110402
12041
3140000
1102004
1302011
3102101
142010
4002110
1121000
101003
1100231
1010
120311
2132000
1000403
100403
1021400
33110
211013
102110
311021
1300301
2000012
10412
2000330
1300211
3122
120221
330020
1301300
100100
101213
21410
1241
1100330
1002023
3210011
110240
2100020
103100
3000200
1313
2420000
230000
310040
34001
1220003
2010320
411200
410012
210014
3003002
1120004
2000321
140030
211220
3202010
2001131
1100120
211301
103112
3202100
1101230
1031201
1012010
1001210
230201
103400
2031002
1222001
1310201
1010402
3320000
2023100
1020020
11132
1220300
2010203
1010102
3104000
2002004
11303
1021031
2002112
1430000
2103200
3021200
3022100
1311020
102410
3301100
1202030
4020101
1030010
1012022
3301001
1300001
230012
301103
1010321
2113100
1213010
2200001
120200
20420
12311
11201
2030300
3020030
1230011
1201004
1032011
1020041
120401
101402
3400001
311300
230120
2102102
3021011
1200002
1410002
1201031
31400
1003040
212000
302201
1021220
1002311
22211
4000301
3022010
2021012
3110
401102
214100
211040
121004
3002030
100202
2212100
110300
1320011
100223
23021
303200
3301010
3000320
403010
43010
32102
122021
14012
2300003
4210001
2010302
1003400
12023
2000141
1000121
401120
14210
2102000
1241000
4021001
2002202
312200
24200
11300
210131
3203000
3021002
31211
1130120
2014100
12302
1020140
3104
141200
4022000
1330001
100124
203
2101010
121010
2201030
1300130
102203
2040011
20213
2020211
4100
3211100
300032
2113001
1003022
1003001
304100
1200122
200003
3011030
4010120
1000001
300104
2000300
3010100
41030
1021013
2010110
1004102
1211
3002300
120032
110003
303110
2201021
10310
122201
201311
1203200
1033001
2004101
1331
3101210
410120
113012
22121
313100
300113
3120011
4000202
2003102
1000310
1120001
1202000
4000310
122
110132
1103012
2001140
1132100
1131002
101033
40013
1000211
3110201
1040000
20303
11312
40301
1031
131012
3031001
2020400
1000241
2000111
2100302
1210040
3011000
110012
3002120
2033
2111300
100430
1040210
221201
3100100
1200320
110024
201140
4011002
1210220
100043
22130
11024
4130000
3100220
1010240
1210001
200102
2011001
20204
3110000
13001
3000104
301031
104
3201011
1002020
2402
123020
200231
2010122
3110102
1000322
1231100
1400120
3100202
4100012
2311010
1004021
1310
123011
121001
104210
3200120
3302
3020102
32120
1021001
4130
1013
3000020
3021020
1000340
1310120
1010312
121400
102212
3011102
2102003
4001003
1300004
2020031
3010031
3001031
232001
210104
3310001
2300210
102101
12131
13130
211100
202301
1010231
341
1030202
2101400
1000103
122300
2100113
4010003
2020004
2100110
1040012
223001
210011
104000
1302110
1021202
1202003
130202
300002
2040002
2003
3200030
3110030
2003111
310103
13004
12110
4301000
2202200
2101103
2021120
1011203
31022
1103
1030031
3004010
1210004
110
100412
12101
2200130
1001000
1041002
4022
2123000
1131020
4012010
1321100
2011022
10403
10232
4220
3230000
200030
103211
21041
102002
214001
1210100
310013
2301011
301001
200402
1014002
2010104
14102
3020000
1001030
2000201
300311
1011002
1430
2001212
4300100
4102001
1142000
2210120
1102301
100313
300041
3110003
3100004
4004000
1020230
401003
131030
40400
13301
2310020
3310010
3110012
102122
4100021
4000004
310220
130010
301310
302021
1103030
3100010
222020
2220101
101300
201401
2220020
133010
211103
11240
1320020
3001400
1204100
1040120
1340000
10430
1100123
44000
111230
2002040
1113020
2112200
2010014
1000124
1032200
1124000
1140002
202103
203201
2022101
222011
102140
3102020
1400102
242000
100031
13400
1032101
2320001
1010300
1130210
130031
1024010
11330
21002
1010213
4310
1130030
20300
2024
2120201
202004
41003
1012310
102113
1000223
2111000
222200
1100210
20231
1001021
111023
301121
4210010
3000041
1200230
2003120
400001
1103021
31103
1010042
4100003
300200
420101
210401
4020011
1003031
211004
101420
11321
21212
4112000
3102200
1001231
1004
112022
2100200
2300012
120104
2120
212012
1120400
1202210
2402000
4001000
42200
22310
113021
2033000
2104100
210200
20222
4201001
1030040
2300021
1420001
1002122
1220000
4000010
1301210
31001
3113
111032
11402
3001220
330110
1410200
401300
1110320
11
42110
4100201
3012200
133001
1200140
1001213
3120110
2032001
2010023
400040
1011320
1001042
113102
1130000
3002000
2012120
124100
102104
1022030
2011310
340010
4001
2001311
202121
3011012
2201003
4000220
100142
300230
2001113
2030003
1002041
1000412
4100300
4100030
1403
4001030
300410
3201101
2210300
3030110
13112
1121300
1021100
21014
1300010
3040010
3201110
123101
1031003
3001022
2102210
1201001
112103
2013200
1020200
2022020
3001202
1313000
4020002
2100131
3021110
130130
1120010
2200031
3000212
103022
112001
3010310
3001310
300131
2011202
20102
2302001
1120013
1001204
4110002
2000222
2101220
1101002
4010
2200103
330101
2003300
2031200
4001021
3000410
1000040
320021
3300020
1322000
10313
3110021
1402100
2103011
24011
1320101
203111
41000
13040
102041
2040020
3320
44
2210030
2002211
1400012
2220110
1102022
22100
1012100
121301
2004020
20
