332003
2030
3003200
33002
2300330
2300033
203303
3023033
30302
3302
3333200
3030203
2003333
3203330
3023000
320003
32330
300203
3030302
3000302
2330303
2300303
3032003
302300
3030200
3033203
3233
3300323
2333030
230000
3302030
3303230
3030002
332
320033
3332300
332303
303023
2333000
2303030
2303033
3200300
3000332
300302
330233
203
3300020
333023
2300300
2033030
200333
23330
3323000
2033303
2030030
2000003
3233003
230033
3300230
3032000
303203
3003023
3003002
2000330
3230003
3023003
20300
3002
23333
332330
3323
330002
2003003
233330
3323030
3020003
3030020
330320
33320
3000002
2333300
23003
32300
3230
2330030
3332030
332300
3303032
3303320
3230033
2000
3002300
303233
302003
233
303020
33023
2330330
203033
20000
3002303
33032
302
333200
3333020
3030323
3200333
3320030
323303
332033
3030032
300032
32030
300233
3003020
3300032
23
3303002
2330000
3230303
323003
320303
323
3030332
233033
3002000
32333
3000203
3000320
300023
30002
30332
2030333
233030
3020333
230
3300320
330032
2000333
3203030
3200033
332000
2303300
3233000
323330
30320
3030320
30323
233003
230333
200033
302330
3030230
3003203
303320
2030300
3320000
20330
2303
3032030
3000230
333230
300230
233303
230330
203333
3020033
3302000
333302
33302
33332
330323
330023
300002
3332
200000
3230300
3020303
320333
3003230
33203
30233
3330032
3020000
3002333
302033
2033
3302300
3300200
3000233
330020
3200330
203000
3320033
3023303
3020
2
203300
320030
3332003
3203
2033000
3023300
323033
3032330
3023030
3032033
332030
333002
2303003
2000030
3200000
200303
2330003
3233030
3000020
3033302
2300030
2003030
3203033
302000
30203
3033032
303332
203030
3020300
23303
30200
2000303
3200003
230300
230030
3023
3330002
3000032
2303330
2003
3003320
3320
23000
3330203
333203
300323
3032303
3003332
303002
300332
2300000
2030303
200330
323300
20030
3330230
3033023
300320
2300003
2030000
3323300
3320003
3300332
3200
2330300
2003000
3020030
3302303
3003302
333032
3203000
3203303
32003
3330020
323030
3303200
20
2303303
3200303
3320300
3023330
3320330
3302003
3032300
3033230
30023
2330033
23030
3303203
303230
2333
3003233
3300302
2000000
3230330
3203300
32000
320300
320330
3033320
3300002
3020330
330230
330332
330203
3303023
2003033
230303
302333
2330
32303
32033
3030233
3003323
2003330
3230000
3233300
203003
30020
30032
2033003
2030003
20333
303032
3003032
303302
230003
302030
3300203
3300023
20003
3002003
200
303323
2030033
3230030
320000
20033
3330302
2303000
2300333
323000
23300
302303
3330200
3330320
3030023
3002330
3000200
3033200
33233
2003303
20303
3332000
3302033
300020
33020
33323
3333002
3302330
3002033
3033020
3203003
3200030
203330
3323003
233300
200300
303200
333320
2033300
3000023
2333003
300200
333020
3033002
2030330
233000
3300233
3303020
3303302
2000033
200030
330200
33230
330302
3032
200003
3320303
33200
3000323
30230
3330023
320
32
2033330
2000300
23033
3002030
2033033
2003300
2300
