3004003
1230004
2103130
3120001
3201220
3202300
2201203
13000
3020122
4120300
3020410
214
2020312
2232100
203032
1031320
3020221
3100030
4231000
4203010
2400013
310003
1033102
23002
2001001
3400003
3012001
2103400
103303
2012002
2030101
3210103
203122
32212
4013200
3121
12100
1003201
32110
300124
2210320
2403010
1030012
3020113
3002212
34210
3302002
1201003
1003231
13
233020
3002011
1001302
2022103
2010001
120004
33130
1103200
201223
10021
4123
442
1220002
1023004
30340
1003132
2001301
3301210
3031102
2200300
243001
203221
330202
240040
302104
1240
3100123
2012302
2004001
403201
3000022
3024001
3302110
2020030
1000243
202201
1332001
2103013
1021330
3011203
1320310
2133001
3212200
2413
3013000
3010021
4002301
203203
1303012
2011300
4400200
4012
131230
134002
133300
3104020
30124
2103100
3110302
402031
212302
40312
2032210
222202
220201
21322
2020222
3210100
3110020
402013
303001
222310
302032
3001003
213010
1132
30112
1420300
2320021
2203300
101020
2001304
2310004
1123000
2313001
1220203
312022
3001321
2110
1402300
410200
10102
4000321
14320
1233100
2131003
1013032
1330
214030
2240020
302320
30022
10003
400102
3001042
1323100
3203110
3201031
300400
31204
2020213
2030203
3240100
40024
2242
3300031
4230100
2030200
2201320
3020101
3400030
24400
2322001
2203
2230021
2031013
21232
22204
32023
3100210
202012
2113
1022200
232300
2103202
2002240
2400004
3132010
241000
2122003
1330012
4100302
1000042
2130400
3033100
2300320
3040000
2041300
3202210
223210
3103003
1003
213220
222220
4022002
402130
1301020
2203012
123100
3310012
1400023
2011330
3241000
3122002
3032011
1300303
1020034
13024
13300
31303
2021320
301003
2041003
13030
304120
2302000
410020
20440
2011
300211
4200130
313012
2220010
2240002
1000222
3200011
210133
2320300
3034000
4020103
2010304
4330000
1220032
2103004
3410020
100132
2401000
2003104
3410200
100120
21040
1201030
2400100
1233010
2020204
112000
222040
3013300
1130023
200302
2200201
312040
3000322
1030321
2020
1000423
230140
33400
2032120
1030201
4210030
1230301
2300302
1012303
3010213
21301
1310200
4002022
2000332
420004
230113
3030031
2100313
4300201
300013
1012330
102040
2032000
2113030
3200023
2330110
3310
32101
3003100
2331001
1103002
2014300
323110
1132300
122023
201202
3210130
422020
310120
11002
3032110
3004102
1021003
3420001
2320201
2402020
1204003
110020
312004
24004
4202200
1132003
2113003
2014030
1030222
2030131
402001
120430
4020310
3021301
3011032
13312
100324
2401300
321013
3002230
4402000
4030201
320014
3003112
4300000
2104003
2201023
10213
3000331
20203
1010020
400210
214003
110002
3012010
3010123
2030410
1000102
200410
3000211
2310001
1000312
311023
1021030
3200002
4040002
2001232
201103
4030300
2210200
2000002
200041
322030
3213100
3104200
3101020
232102
403030
202030
30232
331
140320
310240
3214
3430000
2002000
4000012
2012200
3400012
100012
4210000
4030210
3210400
220420
2200000
2300014
3330100
3142000
1013020
2020420
100321
1301230
3030310
13012
2200303
100330
2000044
2032300
330004
301
423001
201310
2130301
1030042
2410
1024
1231003
1202002
2000200
103132
104230
310132
3230002
1001230
102310
3301201
3010303
3010012
42301
22213
1300033
1040302
3000304
2310130
34300
142003
1303003
420010
401203
132040
2232010
212320
203023
230311
100123
222301
3120202
2404000
30130
2010223
1002340
22042
31102
300034
2001043
123220
1033003
1210330
2200021
2002420
103213
2401030
2303011
2013310
4023010
3421
1000132
40033
310042
41032
1222030
310204
302002
2013040
104320
1320040
1223020
203230
302230
1013302
3212020
32041
4033000
400120
201430
1321
3230020
2030302
2113300
103204
3043000
1430020
303301
1202032
103210
4002031
3120013
3130003
2013004
2002201
104302
21430
22123
2030020
2201200
1100023
3210220
3130201
102313
2310100
2020231
3112300
410203
3021010
330100
1032031
403210
30142
200032
1100203
2120020
2030014
240004
130300
40303
22303
2003311
2321002
3022021
12331
1003213
4022020
2022001
131002
1123
3004300
2011003
3200104
401320
3022030
40003
2000311
34201
1042300
433
3140002
3204001
132301
220222
210040
200422
313003
2330011
1203031
440200
2240200
2000110
1332100
1004320
2003020
20032
22420
1330102
1032100
40021
21310
3002113
4300003
3312100
3022120
3004210
214000
3001132
30202
300130
4400020
4103002
2200030
2021002
2004031
3220030
2022130
3201022
32140
2134000
3010321
321202
12034
3022012
430030
300313
2013022
1004023
2003011
120010
312310
2000233
2040130
2012023
3311002
330310
4021030
2400301
2310400
40201
331021
3300202
1023031
2302
420310
22120
241
3001030
1320001
2001040
123310
3003202
3130021
3102013
220210
32014
3113002
2041000
1010230
222130
3024100
2210230
1033030
203311
4200010
23230
1223002
2120320
2102032
3102010
3310210
311230
1243
4031002
424
1012030
244000
23203
3001201
12232
40
3220000
3042001
3001231
2212003
2300110
1000324
3213001
101233
312013
332200
2103301
2301031
1023022
2204200
2003221
3204100
200413
3011302
331210
43030
12202
231040
113002
30043
2001013
1040023
2103040
1200004
3200311
3030103
2013100
30223
324010
400033
4402
41230
2202103
2203003
2200330
2200123
3312010
2041
3230200
3203101
420202
310420
3003130
2023120
413020
100333
2002330
204301
3001222
2231200
4002100
1021300
400201
130222
3020020
132031
24301
30421
4420000
1400032
300223
1200313
10402
3031201
100000
3340000
3020203
3002320
2130130
2023201
430201
3400300
1302004
1032220
42001
302410
4102003
40330
1012000
10333
23221
3124
4010002
2022040
3013102
2320000
2022100
4300
120130
3103000
34
2002021
2040031
1020133
2020132
322120
21340
23011
403300
3102004
101323
2330200
431200
202231
220003
221203
21100
133102
2202010
400204
132103
311032
2310031
3133000
4020100
3112000
4300300
2103310
1002220
122203
112033
2440
2212
303310
3023200
3001000
3200131
3300022
10030
1400320
2300122
2010232
2000440
3132100
1300402
2300101
2000431
212023
3001402
2330101
23104
12322
331300
2110303
3000202
2300104
1013200
2022004
202210
3020011
32401
2221030
3031003
203020
3013030
30313
2000413
3004120
34021
40300
3020302
2100034
1002400
2230000
221320
3021100
1321003
3120040
120013
3001024
31030
3013210
3000121
110023
213013
3001330
1102033
3410002
3100132
3020311
320401
2300002
2143000
333100
400021
4013002
3100321
122302
231202
2102020
3000310
2110330
1201300
2022400
102232
310024
20242
32221
223030
3030301
30304
3110203
3003121
3032002
4000132
330022
1300201
2100043
3321001
320131
1330300
300310
20230
1330201
220321
2212000
33001
132022
102043
3003013
412003
233002
2040202
200110
4030120
200320
1020430
1020304
312400
2140003
3010030
2002312
21223
4000300
2302210
23410
2120023
3123010
241030
2110000
3311020
421003
2030104
2300140
4300021
2031004
200224
4310020
1200010
1003021
130213
14020
1030000
1043020
2010031
120403
230110
3024010
303220
1130203
2220031
202102
102001
3002002
4021000
3003310
2021230
102013
3310120
42031
4100020
2213020
1330120
300331
10303
201403
121
4010200
1004302
23140
3222100
1001203
1033021
2002213
2000104
240022
310021
20104
320032
2100100
342100
10240
2341
4200022
300430
1332010
210100
1032310
4000204
2012320
3030130
1300222
1030132
2030113
1001200
110203
22312
1330030
1321000
2320120
2040010
1003102
4010320
2030110
3004
211033
3010210
3000040
2110300
202303
1020001
10324
32104
3030100
2204002
1032400
3102001
430210
2224
4012030
1003420
440002
140032
3014200
42220
203302
3021001
302221
3200041
4100002
1132030
2004013
1231
3300103
1030420
2004040
341002
44002
13204
301120
2130202
3013003
2132020
2032201
123301
2033020
2003131
3220210
3102400
202021
40231
1420000
2201032
422200
120232
2301400
31231
1020013
1320100
2100031
210430
3020131
3010300
133030
1300021
3031120
3010000
222001
3030040
2001313
2202400
2202022
2010430
1001233
13201
1402000
220330
2130031
4001302
1031230
202
3210031
2323000
423100
223021
301033
10420
2003200
1303102
1103023
1002040
3104002
103123
102022
23113
32122
230302
3220201
2203102
1002202
300112
1120000
2031103
202402
3001102
2024020
120400
4010032
1220020
2302021
32203
1002133
3212002
3040102
321001
2003320
103012
2022022
4000123
1240300
10
202123
2431
1303300
1320220
2100403
2004400
3202
120313
4010302
1012003
3403
122020
1033201
1000201
343000
1203130
1004002
440020
124030
203110
200044
4003102
2000143
333010
3001012
320212
1200133
311320
4100203
2100232
410302
1330021
2102302
2200042
40321
2201230
322000
1031002
3010222
21010
4002130
2222200
3011320
3300004
1300132
314200
1400002
1043002
2303020
2100040
2040100
22012
2110033
320200
2100331
2021020
3121030
110200
2400040
100033
3003301
103000
240010
1333000
3200401
213004
2011030
2010010
120304
1402
4020031
1040203
133012
2301202
3000301
1003210
3124000
1031203
13042
1320202
1202020
1030102
1020031
2220400
2202031
11203
1321030
2100223
3000142
1310020
2000014
3201100
1002313
403120
1200040
2232001
3101002
310210
3302011
3200320
310402
300001
2401003
2400022
2010130
210322
3310030
303010
301030
2003122
1010023
3110200
211300
2001223
310222
1102303
3210013
3040
2231002
4220002
1024000
1032013
3112003
24040
2332000
2010403
2000410
240130
320320
2002030
3000430
3300220
1222
2130220
1302001
2001400
102430
102130
12001
430000
30403
40132
1201033
2014000
2021032
210403
103402
3010132
10012
2103010
2003101
21130
1030330
1002232
102010
3301120
1000033
1001032
30133
1130230
2202301
2200231
30310
2003140
210103
24202
2222002
300421
4420
1003402
3003031
300322
1003024
3200122
120031
1313002
200323
33010
3010024
23311
3300310
3102022
240202
232021
2020012
1322200
220300
121003
3302200
3022003
302023
2301001
1040032
404020
101200
12043
2300230
30121
400303
2001403
3022201
2030032
2031100
1302031
213100
203014
313102
22210
4102300
201232
3002221
140230
1310032
1304020
31210
1320400
1102000
2002123
240301
3012220
2223100
4002400
220231
2040400
2031130
3202102
2431000
224020
3000400
3130120
123040
3302101
3010033
1230040
1003012
113200
4021
313000
1331002
20212
1300030
3300100
2202310
13303
120001
41320
30412
4201000
200131
20401
31123
401200
33112
4203100
2101033
1033012
11233
4320100
1203310
1123300
1301002
2300212
2032012
43210
2143
331030
3100021
202024
321010
311002
1132000
203002
220012
40420
3003022
3000100
1002130
2030320
3100012
110320
3220012
210331
410032
241300
3012400
4000021
1301023
1200103
11200
202033
401230
3241
330031
4031200
4020004
310030
301042
2302003
200203
22300
231301
3012202
331012
3003211
4010230
400132
2100010
233011
132400
2002012
232012
213001
31222
3000412
2210032
1043200
3220
3120130
120040
4231
4320010
3123001
3100303
2410030
303100
131302
1120
4002013
2100022
33031
20044
2003203
2002102
222100
212020
3004021
2010400
1342000
200404
3030121
2004103
2200402
220312
2203120
1230202
2301220
3120310
400042
103120
4010023
24001
4024
300241
2031010
330400
1020301
221002
311200
3000031
1210030
2102002
403102
301012
3000103
3100033
1402030
210313
201013
3220003
1301203
1100032
3230101
423010
402040
201043
34102
1231000
3020230
2310013
1200400
3300040
3132001
113230
1103230
340000
1210300
3041020
3320200
130132
2020123
2133010
330103
2210023
2301100
4200001
2202220
2323
12133
301420
4100230
130303
2020033
232000
2210203
4001203
3120022
103222
1312000
2040301
222004
130021
103102
2301010
420103
23014
20143
2010133
4022200
433000
1300312
3301
3020104
320110
2233000
1331200
320113
3330001
10321
1303
113320
4002040
1031032
402310
42130
304210
100303
31021
3033001
3312001
3014002
10204
2020321
1432000
430003
400300
22321
3000001
2140300
3222001
3002032
2013301
1002304
3100102
3012100
2103001
1210003
202000
3204010
3011200
400003
1300210
3130102
3210040
1302301
3040021
200332
1130320
211303
3004030
132310
102034
1030204
2224000
22030
102031
42202
1102
1003303
1002322
2000401
3301012
303040
3140020
321220
20113
133003
2202100
1301302
2004130
240013
2231020
2420002
310
3421000
203401
10342
3001033
302203
1023310
3232
210022
3310000
300301
3034
103321
40123
302014
230203
222013
101002
1001332
130123
200431
3122020
300031
2013103
2001310
3211300
3221200
2122
4303000
1324000
1032130
422002
3200203
2201002
1100332
2200204
3101200
210010
40102
20014
3300400
3030211
42013
301024
402004
4100032
1322020
2220310
1031302
3043
103
230401
4000330
322102
400402
2400103
1313020
103033
2004310
3200101
20410
3320002
3000043
224002
3012022
321130
3022300
2400310
204202
1324
3202000
14032
142030
1304200
223102
100240
4240000
2200132
223003
204310
22201
340300
14002
41002
1240003
1203010
4132000
1000
223201
12403
3322000
31000
23023
110323
2220100
2003023
2031202
231100
42022
2030002
3400120
310012
4301020
1003123
124000
4222
2404
4002310
2311003
20020
4032100
1034020
3110032
321004
3032101
400030
2132002
2024002
401032
12013
3200020
1040320
1022320
2400031
3101230
230104
40042
300304
1032001
11323
11032
31132
2422
1102300
212032
110332
102340
4020202
4003012
1310320
311302
2320030
20320
2030041
3140200
3211030
2304100
200230
2000113
320101
4100320
122002
210130
31042
413200
1030231
3100402
400231
3014020
3100000
2130004
240031
2130310
2420020
303121
300214
3100300
12103
2312002
1301032
2103022
1023001
231130
4302010
3010420
3020110
21400
2220220
133000
2012230
1020103
220
201133
4200040
13420
330001
133201
210400
2400001
312010
2230012
320023
2013220
3220102
123010
3002140
301213
4010020
310330
232120
4000240
223012
1400230
120034
4102000
400420
224200
200212
3203200
3012310
1100323
230200
121300
342001
3032200
3102310
21331
4001002
121000
4300012
30400
1030123
2003041
402022
2400400
2023300
1230031
2010022
3023110
3310003
221302
100432
322012
4302100
2003410
31024
2332
3103012
421
1302202
230020
2021203
3221002
3120400
3010231
13240
3000124
3130000
201340
1303120
430300
34030
10423
4003201
213310
302140
400312
1010203
14023
3003001
2040013
2300032
123202
104203
1202320
2020240
2000404
2013400
24220
12220
3010204
2034001
2400220
1000432
112303
1201303
3310021
1000303
1003222
230041
2042200
1020010
400240
130210
210304
2102203
3201103
1300300
300202
3004000
2001322
2020021
240220
102100
1032004
1420
1220302
2202001
30100
3002410
1232200
320302
1002043
12040
2312200
100030
420040
132010
220402
2200102
2200024
131023
12304
302401
4200301
11020
1021033
310033
2000341
231001
13102
2440000
2400130
120022
21220
3200302
3002023
1204300
1024003
100342
20131
2300020
1003330
3202021
3331000
310303
2120032
30301
3001240
1210000
23131
123130
201100
1000021
234001
340210
4004020
21031
3031021
22330
1002100
2020000
1001020
222031
220030
210232
3103102
1300420
2023
3131020
110032
300121
230230
121033
20413
243100
204022
3021040
42103
10123
420001
3000220
1420003
2403100
11230
4020130
32032
1
410023
2130001
2021302
22003
112003
1203400
2003014
3113020
3110230
420220
202204
2301004
2133100
1320022
2010100
3102031
142300
4102
3002302
200200
343
100201
2202040
1023013
200341
1201
332020
1312003
3430
34012
3031300
1231030
1310002
1002223
203410
4132
2400010
103231
2014
3222010
1200034
2030401
3223
3110002
240400
320140
44200
2102023
2120302
1120300
2002204
212002
1202203
3112
3102301
2200
3030220
1000330
303400
313
201304
24022
4210300
43000
2022220
2013031
130240
42004
333001
230320
3123100
202312
2242000
200002
33022
101320
2301301
103300
1032301
1000240
4003300
230002
1302103
130420
3021400
3011023
2000230
2021200
421300
132001
1120303
1003240
3400102
220120
130201
1340020
2102200
2100004
112300
210001
104032
202132
311203
2320210
2022031
403012
241003
34003
203212
30103
3322
1021
1003033
3000223
2221300
1100230
1003204
2001034
401023
4000030
3000403
1330210
1030024
3100201
21013
2002003
100402
3020014
421000
3041002
130
4200031
1222300
1013320
3301300
400222
121303
131032
210004
33310
1103302
210202
1233001
33013
340
223120
310231
4023001
24103
3113200
2001220
113020
21133
23032
1020223
1020004
301102
1320013
3103030
1403200
322
2000221
3120004
10234
31240
3220300
1032202
2131300
2013010
213202
2042020
13003
1002301
42040
1200310
1300123
212230
2200120
1130302
30010
3130012
4310200
2003113
143002
1020310
1300204
1200043
1000210
413002
201130
3020002
2213002
1200301
101230
3012130
4200100
320203
2310301
103240
201010
4030000
11023
1203040
1000342
20041
32131
334000
410002
212203
310300
40012
212200
32200
133
3201400
331102
304000
1204
232201
2000020
3203011
24130
2023030
2031031
12301
2200240
1023400
20341
10201
20101
4003021
2320012
123022
3012301
1320010
303130
33202
200101
41200
2101
1213300
3100420
20221
403000
2123002
3203020
1304002
1240000
220102
3001420
140020
4001320
2310010
2202202
1023103
20023
3331
3001213
4040020
1202230
1200304
2010040
3231001
21202
331201
3300121
1310203
300142
2000422
3013120
1320301
303004
1200322
2014003
1003321
302122
1042
2331100
304030
200020
101023
340021
1003030
134200
3310300
1031020
101332
11320
320002
1010233
3200113
4000213
3010003
1432
3022000
3202003
312220
1030
1020022
3202201
231400
2100304
1302220
302020
2020102
1234
4020220
4103200
1230400
320020
100231
3021220
4230010
1220200
1020043
2002222
21034
2000323
2340010
1200001
3021031
300412
4003210
1400020
3010
2303002
2041030
302110
3202030
4021300
2312020
2120203
3301003
3112030
122230
200134
1030120
2310202
1130032
2110003
2104030
20233
3010201
1003300
2311000
2001100
2221000
1102003
3020023
2020330
400
104002
3013012
1330003
320230
1002031
3402100
3210010
130024
2402200
124003
122200
3002014
13330
1030033
1023100
2031310
2020024
3313
4200310
1020220
1001323
304102
2310103
2131000
232030
323002
43
210301
4000000
4004200
100003
30013
1004203
4201003
302041
3420010
133210
2104000
310201
432001
1312030
1201330
430021
12400
2311300
4003030
2002303
2040004
3400000
3211003
240100
3121000
3412000
220204
312202
1103020
4000102
3030013
4002202
323020
4032010
1002022
4002010
332002
2100430
2031001
2001340
3100312
230122
2030230
1020331
30004
2010340
12340
4200013
210043
3321010
312001
1033120
2230210
3030202
3020140
4204
220213
302113
3200221
4
400213
221023
201040
22033
2040001
2010301
312130
310102
12223
3232000
3100330
3131002
310123
4301002
2100301
3400201
143020
202300
321103
21403
1303021
1002013
100243
3031012
4000120
1030402
4220200
3302020
103030
1022002
2004100
302011
4130200
1033300
4002220
2003002
2003401
3304000
220000
1203022
420022
322210
4210
4024000
1302310
3101032
200140
303112
244
2000032
1230103
4220020
1340002
1004230
3021310
1003000
2321020
1100233
213130
1232020
2100400
211000
2301130
3201301
3310102
303211
2030212
1230220
3100042
21043
3020320
1200100
1302400
2101030
300232
1200232
3321100
323101
4020013
31201
2030011
1001023
200401
1022032
220303
2340001
1030021
2140000
23302
2300410
23020
1020232
1004200
103024
3301102
1400302
2010013
2004004
1003312
11302
2311
1130020
4200103
2302102
2320
4300210
1133200
303013
123103
201022
4002004
1220023
2003110
3120031
301210
4202020
1222000
1120033
2020210
10042
4031020
320221
1022023
221230
40213
332011
2002231
2300041
2022013
1000234
3220021
104023
200314
2101303
2400202
3240001
404200
3032020
1020313
3201001
3200140
420400
204004
203140
3000214
4300120
402010
4000210
2420200
2002
321022
12313
1300000
404002
21022
2043010
3031
130120
3010312
341020
3133
2022310
3210022
340120
4042
103330
2341000
2311030
130030
230221
42310
41203
12004
3003220
4120030
31300
3100204
120223
3021004
4120003
133021
3001120
32311
1230310
3100231
1020340
3000013
2201020
1300003
2303101
2000212
1000024
3121003
2402002
3213010
104200
321301
14200
1213
30430
1022203
13123
1012300
2230003
1040020
421030
2310220
3001303
2130010
2002120
420031
2020303
2010202
400024
131203
1023010
1243000
1202302
3300301
4000312
2300113
2002042
10024
301321
4202002
2002132
3231010
3010042
323011
302200
202330
233110
231010
12010
20314
1033000
13021
2313010
2202130
1024300
33220
103042
2140
301330
4003
1003042
102331
101302
1030210
33040
131320
31312
4030012
2012032
3101023
342010
33103
1103032
2040022
4321
1000333
2000101
322300
100042
301021
1204000
301000
1031023
3401200
2230201
1230010
2202013
3002041
4100023
1002034
1301320
3020200
1200430
1031200
12310
4300102
22240
23101
4200202
10330
33211
2223001
1010323
1003120
220021
1120003
1034200
1023202
124300
201220
10312
4302001
1201000
4400002
132202
3011002
23401
3031210
1021000
4000201
1300042
2010043
103312
21004
4100200
3000133
210013
3200200
1423000
300403
1040230
2011303
30331
33121
4020301
1000300
2022301
3214000
3102103
120220
4012000
2022010
1013002
102004
40120
332101
1200031
1213030
2000314
3120010
3301030
201313
1320130
2000011
2122030
2023102
2013001
321040
1030303
4030021
3002104
31120
112030
140302
2020300
2030311
3101302
3012040
21001
1123003
3012004
3201010
300103
123013
2300011
2220001
300133
1042000
2040310
1010002
4102030
130012
40222
1320031
1310302
10033
442000
122320
3300211
3030022
2120002
3001
2003032
41023
20134
3004012
30211
430102
4330
13210
4200004
331003
2100133
31033
210031
3002203
302131
4201
3001204
14230
3030004
2403001
1234000
3230110
110230
100234
3300010
1020202
130231
200113
2011033
3130
3000340
300004
204031
1203103
303031
2010103
140200
103420
4123000
1022020
30031
20431
3142
2220301
1002403
402220
13213
3003010
3211000
3103021
10000
304003
33301
2001022
4002103
2042002
204400
2100220
303202
2202004
3120100
322021
301231
1320103
4003003
4020040
400330
2004010
3313000
1200013
230014
100204
13222
2033002
331000
1231300
203104
31321
1303000
4000
412300
220123
340102
1022302
12031
2220202
201322
4030030
4020010
2101000
120133
30241
1300330
431020
3011020
2010034
43300
30034
424000
222103
230011
3023011
1200130
2020003
322201
43120
4130002
410230
3131200
3122200
102133
2001331
1420030
1123030
2210020
230032
1300213
2012020
4033
2203030
20122
2130022
3110320
301303
200023
2002402
2220040
403003
403
3400021
4300030
2220022
2010313
1002010
1000420
14302
4003120
2002024
301300
2101300
3103
3120103
400000
2122300
2033011
1030003
1302100
132130
230101
200440
3040120
3004201
2003302
130330
1303210
1023130
122032
3330010
1030312
213040
2103103
2004220
1002310
210223
201001
2030122
2410300
13132
304021
2000320
2044000
1001002
2301013
121330
22231
2013130
2000302
2001202
200311
31420
3200230
2011000
3402010
320041
330121
3000004
430012
110302
314002
2032021
1230001
3220120
112330
3020032
43003
32302
2010322
1300120
3240010
3210301
131200
3013021
20140
4002001
3021103
3012013
12022
3003400
2040103
3022
201034
314020
1303201
113032
231022
2000242
1030300
140203
123400
22021
20311
301132
3303010
4004002
2012203
3010120
1223200
232003
4120000
2203210
1333
2230030
1130200
2021023
1020130
1232002
103201
1203100
2024200
3013
3040030
2040220
210220
202120
3012031
2030023
1000120
304201
2123200
2023003
2023210
113023
22024
4210003
13231
313120
1200340
1042030
402301
1202200
3021130
3030112
100021
313030
2020402
304
3210202
113302
120301
3303100
2320102
2033110
100222
12130
2023000
2031400
1022230
242002
13120
301204
2302030
1040002
210034
204010
4312
2410000
4000042
402100
200011
2302300
4000003
3110023
2200003
2002321
2000122
431002
220024
204130
3010240
14203
4000231
2043100
130102
202222
341200
4000033
2430001
330220
23212
3030010
30001
3002311
2100103
2013013
2010310
234100
3022102
3020212
1203301
4001023
2222020
430
3103300
2033101
3103120
1310023
3210004
131020
3002110
1423
304300
2210302
1302040
20200
401020
1310230
204013
3310201
3130030
2100001
31330
204103
22132
1402003
203200
303022
1020400
3101203
1403002
300043
2233
3231100
201331
3033010
313300
21304
330112
130000
130042
2001031
204220
3022210
310321
3003004
2200213
1000123
234010
100213
2401
4042000
3320020
223000
2100322
1000000
1001320
1002331
1120030
4032001
2002033
322003
2300401
3100240
240103
101032
1330000
10120
200014
3304
1002004
233101
100210
22102
332110
1302130
1400200
2113000
2310022
1301200
2102230
33100
41020
3301000
22402
300220
20002
3420100
4000024
32002
101203
200122
2031301
4204000
3303001
303103
33004
1020100
3012103
2320003
2304001
1203220
203113
20422
2203000
340012
321100
2130040
1222003
1203001
2100340
1010200
1030240
3201130
10231
3040003
301402
1210
300022
2300311
221032
130321
2044
3130210
3101320
3200110
232210
3021202
300040
2130103
20302
31
3311200
312100
1003003
2010004
3402001
201301
3301021
2130100
2104300
31003
43102
2300200
1200223
321400
1203202
2310040
2200210
1042003
32230
400123
240001
210310
1331020
2203201
2200012
2330002
1000003
2010220
3202120
402103
403021
21313
100300
1000012
3200410
1321300
1312300
3400210
40240
301201
112
3023002
1100020
3210310
132013
2430010
1000231
1403020
1200022
120340
204040
4213
1400203
2310310
2322010
4020022
1323001
1300012
231013
4130020
123031
42010
2004022
3300013
1200403
2101330
100423
3300112
1204030
13033
221020
3320011
2301103
2221003
1100302
1002430
242200
134020
3021013
2430100
402400
120103
1012
1020040
1023040
4200220
20323
110233
12430
21103
34120
300100
3000034
2002210
213022
23041
3002020
2000041
3042100
3040300
1102330
2200420
23200
2031022
1000030
203320
32011
2000203
2102320
2301310
1302010
2001430
102304
130033
3040201
42100
120202
32020
331120
301312
1213003
313201
320122
301240
40030
1300240
2031220
1030213
3200212
3011230
4013020
1340200
1010302
3401020
121030
4030003
302311
330040
4000420
1322002
20332
2300023
132100
222022
230410
2131
1032022
2130013
2304010
1000402
320311
1230022
40000
202240
324001
20224
3002401
1220230
420130
143200
230131
102220
100420
3040012
3340
3103201
213400
3002131
2004301
2001103
2314
4213000
32320
1032040
2020201
214300
310312
142
1300231
1032010
4012300
310000
2212300
1300321
432100
400321
220042
4320001
3001210
34000
3042010
3102220
3202012
123004
4120
3211
22
330301
1430002
3000241
1200331
3001300
120310
220240
102301
23122
10222
3031000
334
401002
3130300
3010402
340201
302101
2030221
4301200
2322100
1130002
2001010
120322
4222000
202003
102322
2103031
1034002
1020322
3401002
3031030
232
3010102
313210
1312
1323010
2032
1004020
2034100
3201202
44020
2321200
1021303
3102202
240310
1313200
4012003
30214
2300221
3102040
2032030
320011
1230013
3021022
4200400
2023012
211003
202321
2314000
1000321
2000224
320104
323200
312031
24031
412
120331
2000131
200143
30220
3100120
1430200
3010330
30040
3200032
3120220
213301
1013023
1100002
222010
120100
11332
301123
2300131
3121300
312301
2302012
300010
4001032
2034010
3200014
24013
10243
3100003
3023020
2201302
2001130
1002001
32410
3000112
233200
100312
40210
1103203
2301022
2022202
2031040
1002103
202420
321031
20404
2120200
231310
201400
3001312
221200
1100320
2422000
2220103
231103
2410003
410320
313021
1230100
3203002
4040200
4030102
412000
213103
301222
4003000
223300
2301040
1040200
3000130
1030030
104020
330211
3030400
1033
312103
23110
1342
4000303
1004032
1000204
3201004
3100222
2040040
2331010
2302201
113203
3002101
4312000
1133002
3020401
2313100
2103220
1300102
3102130
3103210
4010203
100
213031
4030
200242
4001020
2001004
1000213
401302
123001
310213
31213
4303
4020400
200233
2013202
42400
2033200
302212
13321
1013230
2134
2203021
412030
3320110
32113
3000421
2023021
10432
3001021
41302
300340
1300024
2003212
222400
40204
3300130
203131
103003
4203001
132220
3013201
4201030
3210001
102223
102103
24310
3300001
1213000
3100024
2300203
1200220
3102100
402202
3020041
1100200
2101003
120043
321310
330013
2230102
1010320
201004
2131030
23320
132004
203011
2200033
3120301
102403
4001200
202042
3001123
3100213
31012
3030001
10300
102400
3023101
2100310
2000134
432010
220132
4310002
2200321
2200222
2020120
1300
100024
330010
3201040
4021003
2030140
3412
1210303
202213
230212
10210
304012
3320101
2230120
1103320
1200202
2043001
2004202
200221
24010
3403000
4000402
1102030
201031
200104
3223000
2221
420301
1203004
2010331
203041
43021
220033
1023301
4240
130003
2220130
340003
420100
130402
2001133
311020
320410
43012
1010032
2220004
2100130
1013203
2020042
2230
242020
140023
1210033
231220
203101
211330
230023
2032102
3400
430120
124
1230130
1302022
2100013
100102
4321000
1010332
400012
302302
2212030
2210002
3041200
24100
13402
340030
2340100
40402
3002122
3003103
1024030
22000
2213200
31402
4020001
1133020
330130
1120330
3201013
231031
130204
43201
2003230
2220013
2200312
3230011
231004
2303200
2032003
3000010
4023100
223
103021
2000140
4001230
3000313
2120230
140002
3040210
3002200
1020403
2230300
133120
2303110
1303030
2002300
2330020
1203013
1023220
204100
204001
20011
2122000
2110030
1320004
2302120
1032103
3221020
2104
2000023
2132200
2100202
420013
142000
243010
4103020
3201310
4201300
211030
130312
22222
4230001
30322
102202
20110
10132
3000232
4000222
1240030
2123020
1302013
3100
324100
211
3003040
1220320
2140030
2204020
1202023
1033210
210340
2413000
1012033
2223010
