3030000
3030303
3000300
303000
33030
30003
3330
3300033
33003
30330
300303
300000
330000
333300
333030
303300
303330
300300
3330300
33
3
3303
3300030
3300003
3003003
3000333
3000303
330300
30300
3303030
3000330
333003
3300
3333000
3000033
330030
300333
30033
30
3003000
3300303
3030330
33300
33033
3300330
3003030
3030030
30030
300
3303300
3033000
333000
3333
3003
303
3330003
3030300
3003033
3000003
300030
330
333
3033300
3003300
3003303
303030
300330
300033
33000
3000
3300300
3033003
3030003
30000
3000000
3030
3030033
3330000
3303000
3000030
330330
330303
330033
330003
3300000
303003
303303
3303003
3033030
3003330
303033
300003
33330
33303
3330030
30303
3033
30333
