2004300
4000401
120102
2303010
31014
12321
1130004
1101303
2030040
1003020
1210032
2033010
2402001
200313
3301110
2200230
3100023
2021100
30210
231012
1313100
1202010
4022001
1200024
14031
2120400
2220120
1220010
1040103
2022012
3002112
2034000
1320120
12021
2013003
1100340
4000302
1030110
3202020
10032
30321
2310003
2010000
1331010
1103040
1023102
3120003
110040
13002
2010321
3120201
3010230
1213020
200112
1101
1224000
131013
2041200
130200
203130
1300113
200013
1200
21201
10101
1210320
2102040
2000034
431100
110313
3201300
3100002
412020
102132
2202210
12000
30402
1010103
202212
20124
4023000
4120020
32130
3011301
30300
1000314
110013
304110
2230020
132
2014200
2010132
2002122
422010
2123010
1034010
3011040
4003200
3420
421200
403110
221400
22110
2112
1201023
2020131
221010
230211
110034
240000
1031001
20340
1400400
123102
12210
1310010
2102031
1000311
4020
1401003
1103013
20022
322101
1100043
2032110
2021202
2000022
1230120
1001022
2102001
113310
4012020
2412000
13212
201312
3021102
320112
300111
1301100
1103010
231030
320121
1300302
3010320
2110320
300213
1233000
2302020
2100321
113301
1132020
1010100
103140
300030
211320
323100
2000211
42210
4100040
3002220
2100033
4020012
103002
1100232
4221000
113103
3102120
3202101
2301201
1022022
231
3033000
1140000
2120301
4030200
3100230
2021001
1002204
122100
3012021
130302
40110
3114
1133001
124002
1203021
1041300
3100401
313110
2122020
204
3103110
213000
301320
40023
122013
2110002
104220
300303
3001113
144
1100331
2011032
2310201
2031102
3141000
3020202
232002
2020203
22401
110223
101043
33300
2100210
200001
1400100
12123
10422
10134
122400
130101
1400031
200310
143001
2130000
3001023
1003320
34110
2321100
4300002
3102021
41004
10440
1140003
2102103
103203
210021
4221
2120103
2204010
202302
1041003
103014
2220210
4011030
3100122
4302000
1033020
1020210
3131001
200124
11013
2301003
2011023
204030
1201203
1302201
200130
231120
210222
3010023
2210010
3301011
1110033
3001104
1222200
210330
1400013
43110
11403
4003101
1130202
2020113
3010212
2000400
2040120
4203
3302100
3000
3121002
3003210
1101003
102300
3003012
210120
3400101
32040
2002311
104301
3011130
1300110
1031004
4000200
122031
2300001
1031040
330000
341100
1202004
204021
3121020
4310100
1210200
2301021
1040202
3001101
2142000
1131000
130212
2331000
1403100
2311200
1020132
3132
221220
223200
233010
203301
2203011
2010102
122001
3020010
2001030
21312
201021
100431
1022001
3213
3200121
400041
41220
2302200
1310022
13203
3112200
1033002
340200
330003
312030
20412
22320
1431
2000232
222030
301113
2002023
2040012
3101301
401040
2120220
31020
1022301
1001010
410022
120024
4001031
2210001
402012
22041
3420000
2121003
1130040
120003
1013022
3042
3003021
2202
2200101
30042
242100
41100
200220
13230
212022
112002
110310
3010002
1022040
1010040
1020042
224001
4001220
340002
1011030
321102
311004
4104
1200300
203103
102
212031
13122
2400030
220002
1020033
122310
133110
4021002
341010
312300
322020
3102000
314001
2130120
2201004
4010310
1000233
2101020
1034100
30120
2200140
201222
4010013
403200
2330001
1020123
1040310
3120012
103041
321021
2001120
223110
4130001
1001130
3204
113040
2400012
1320201
102033
203031
2302011
31002
2030121
2400120
1000212
3211020
2221002
4000002
1302000
200040
10200
4000020
12102
1103220
2000340
34200
1013013
240102
303003
1002213
30411
4002210
2001240
2022
401400
112320
22113
4000122
1010340
301002
31401
31212
3400200
2002032
113100
100131
3112020
140100
213030
1220220
33021
2020212
114300
110400
3010302
1420020
2124000
200331
2012100
1022031
1002012
1320003
313002
2300121
23031
1000440
212220
4011
4100013
2013030
1122030
1042002
10410
1032000
3000024
2130021
1010310
3011220
302130
3311001
3002100
33111
302022
104100
2010420
1000122
130104
4000023
210000
3114000
122103
3100320
1222020
2201310
2100123
40302
1011033
3120300
2103102
32202
4000320
1143000
3103101
430200
2320110
1043010
22230
110301
2100030
130320
3231000
3111003
3032010
100404
21000
410001
1001001
104040
101100
310140
3002001
34011
2110200
10023
103032
1300320
3040002
10242
2132010
2012031
202014
2240010
3003111
3220200
2000301
3030000
200241
1312020
120330
1220040
1101000
12201
320400
1010130
2010
4003020
2012310
23310
203001
1410000
1230210
131202
3100020
3023001
20331
3200220
11130
2130201
1013004
404001
3010131
1032003
1000101
3210201
43020
1003014
2020302
312000
2112300
202101
1322010
1201302
2300112
30102
303201
413100
2021004
3101103
204201
230310
2042100
320010
1201230
2001102
103101
201201
3001110
4101000
2230101
301131
2100240
22023
311010
4100022
4001400
220302
201204
4320000
213300
3001401
202203
1014300
2241
2000403
2120031
1020231
1213200
321003
3031020
311022
10230
130410
1031031
1001103
2002104
22122
3020040
202023
1200204
2010204
1030023
1220031
3030120
2100024
3410100
201003
200301
1200012
143010
110130
3040101
2030130
1113300
1232100
3131100
203220
1203120
2102010
1042020
140031
112200
4131000
2222010
3022200
31311
221040
4311000
2020221
320211
10224
1440000
2103
2132100
3011031
2001402
132210
2202012
2300211
30021
4200030
3103020
1103031
1003113
2001
3001221
3240000
2210100
2002110
3100011
412002
40011
22104
1313001
1102002
2200200
3200001
2001201
102420
4002000
2043000
31230
2004012
103104
13101
1200330
1400220
1010232
20103
2001021
3123000
1203012
4140000
101040
1001013
3120210
311220
3213000
2400201
1230201
202032
103011
2320020
2003100
2103021
2000304
220203
3310101
4201020
2013
102222
3310110
3301200
3104001
4200210
13110
1030410
2010210
222300
303102
2002230
11001
1044
2403000
3030102
1004100
1032
3100200
30201
300231
3020112
3020400
2140020
130311
21222
2002203
2131002
2012001
3212100
1301310
32121
4011000
2122200
1040031
140400
121230
3100302
301302
401031
332010
100200
1120302
302004
301041
2220300
3021000
12012
42102
4000131
1300122
12402
3001014
4410
2200023
402210
2040021
213021
313020
202230
430002
2120010
1130031
13032
3401001
22131
4200300
3030021
2031120
112020
3001131
4220010
2000412
1041030
1031220
110220
201420
103401
2030220
1304010
1001004
130014
1040040
20130
304020
3012102
4300101
1220100
1000242
202221
340011
12420
4003002
1310031
300021
23103
3000141
2010120
3220011
2023110
1230
3130002
1030020
3003000
14202
143100
1010001
1003311
4000041
1302210
1014030
1020222
3021021
331101
2310300
2203020
2000142
220014
103221
2023020
1022010
14310
133020
100011
131022
200412
4301010
310023
33012
1030113
2002113
23004
2031
301212
2200302
310002
331110
101301
1020201
113220
4104000
400320
20430
4300200
1110000
3111300
3002301
2410020
2014020
1010043
1000011
240210
2223000
2200401
20301
21024
1401300
2210310
4200003
2001024
42120
10110
4000230
1312002
2002320
3200211
231021
2012004
241200
2032002
3000402
320013
2130012
1022220
410310
1300032
4021200
3011310
32112
40230
104031
14001
1010403
30123
222021
2022210
2012013
122010
1400040
1000410
1040100
1002132
101403
2130030
300003
2100402
32001
1030122
202320
1202202
2000202
310203
3111030
2300400
1002030
2023011
4001001
130002
41130
230202
3101004
2004210
4041000
1120023
112023
202311
3020121
3001320
1123200
1341000
3002004
1401000
120231
204102
4002300
112302
2020101
40131
1103310
300420
1030302
3111000
2202000
3013200
20241
31110
2230011
3201210
430020
2401020
1212000
120222
11232
2300010
420300
1131300
1020321
420201
4310001
2300013
102213
1113
3010110
3020211
4400001
203022
2020401
140202
1031010
122130
113031
110331
301101
1202400
410004
1001403
2100303
3000213
221001
102303
34002
30114
123201
110340
103113
1321002
1301103
1000221
3012120
3011202
3204000
1231020
420102
141003
204120
1203300
210204
310113
414
1110003
1032120
122220
2212200
2002212
1002102
2004030
2100204
2310
3101202
1242
1032102
1010133
3110004
220011
310011
12240
2400021
230130
2400000
20133
21213
3221010
210012
121002
2202102
24000
1310301
10332
2003220
320310
3014001
10311
2400003
400002
3030030
2140002
1200021
402021
1011
400020
1200222
2020002
2210103
3013002
31104
4100004
120030
33102
30240
1041
3000123
1310100
1300230
121200
113202
132102
212013
10014
123000
113130
2032011
20211
1212
2000133
210030
2202003
4000410
13320
2120310
332100
2211003
302202
2010222
131400
22014
2200203
2200032
4120002
1002033
4000221
2312001
300201
22200
330300
3030003
132120
100413
1212003
2104020
1030212
1003302
1113000
104004
3011400
314100
1120020
1031310
140010
14220
120213
3023100
3001200
31131
2300022
300102
404010
2330010
2020110
1013202
43200
3103011
41202
21240
1303020
2030004
401130
134010
3210030
2020122
32100
201210
3020130
4002120
1302
3110013
140220
310014
2000130
1203210
1102203
1013100
100101
4200201
130023
3030
1221300
111030
210312
21210
4020210
130032
142020
221031
20121
3002010
101340
204003
130011
2202030
111300
1222002
3100221
1040400
2103300
1310040
3000033
3000132
3300012
2000013
1020303
2003112
2200041
141000
221130
310104
1311
2003001
2103120
30204
201321
322110
4130010
1400103
312012
12024
3200022
3120120
20313
103110
4201200
1120200
32022
240021
201
13401
13221
22221
1140
1210203
2320011
20142
2022021
1002420
100212
3222000
2003400
2102100
1000113
2241000
2211030
311001
203004
3120102
101001
3021210
2030400
1000230
1000140
24021
4100310
1300311
2013210
102102
4100202
3300
4010100
2003013
1402200
2401200
312
120402
210201
101004
2220003
2300202
32031
1004310
141300
1110330
2204100
2001204
3202110
422100
100422
100122
3041001
2220000
1103301
1300023
1010004
2303001
2232000
3212001
3004101
2030310
2231100
103410
1001040
11004
1301040
2031210
103122
4020000
1003131
2201400
33120
1004220
1003212
131001
40101
3000021
1200402
310230
2110203
4320
4023
3110130
3210102
3010032
1003032
14040
12132
303021
32301
1242000
2200110
2010123
1323
4040100
2000220
4002102
3202011
2003121
1020102
2010012
340101
13014
4010301
2010003
1004202
3120
410400
301122
4110003
2131200
2021301
4122
1022004
400311
2412
1043001
22002
2021040
2301300
2110023
1003110
1224
1010304
321
120312
1223100
2100021
1402020
2004102
101223
3001203
2210202
1223001
1200102
31320
22212
2030202
1331100
20031
1001322
404100
242010
4010220
30132
1100130
1014000
2013012
1110
30000
1210230
2013021
2102130
1011000
1031013
400104
310101
2041002
1033101
1003041
3101001
124200
310200
1024200
2021310
102204
2001123
2310210
2040102
4002
113010
1200420
1004013
2104002
2013120
1013301
2103003
2030031
2301120
3200310
2010303
2100
4110030
2230002
300402
2100201
31302
3102012
11010
3210003
201000
1302120
4202001
2200131
1100013
1033110
3321000
4030002
204210
1400130
110022
230001
2031201
120
213120
2020320
2310021
401013
1300221
2034
3100131
2121030
20223
100014
2201130
130041
3100212
10143
4003011
320301
1002240
1134
3000201
1331001
3011001
10140
2200410
200043
1030101
202113
3020220
4230
3201102
110403
321300
320100
3100110
4020120
1204020
40020
4131
3201021
113004
24003
1002402
412200
102231
1000044
220041
100134
2140200
320040
130020
1021023
2010231
3102102
3203001
3002031
2012400
1233
111033
2003040
1034001
30141
2120130
210402
304011
140310
40221
2310000
2022120
3301020
1410
120123
3110301
410010
2002011
240012
114
1132002
200322
122040
1023021
3210
2003031
11031
1001232
232110
1040022
2020041
101022
3010401
3130020
320103
110103
202410
40113
31101
1220013
200400
430011
2030010
30222
41400
3002121
331002
1023120
2302110
214002
110304
101010
1301202
241020
313011
24201
312003
1231002
10113
3031200
2000100
1001043
100104
11223
2131020
1303101
3000204
330201
400212
130140
3330
1020204
1001100
2001231
3001311
1002003
1200312
1100301
1024020
20232
43101
2023002
10122
2121
1320210
21123
4120200
4030020
30
2400102
1300410
1200210
3220020
3200130
3101130
100401
3010113
100203
21003
1100004
320220
3130110
3220101
430110
2100420
103131
201102
4013010
3000222
20304
401103
2210301
1130001
243
24102
2133000
13113
1300041
1012302
121023
3001212
200004
1010223
2042010
3011004
1143
4020030
2030001
1232001
1103202
22032
1010010
1020021
4020003
214200
2213100
3101010
102240
310131
4210020
2023200
1101030
201033
1303011
3112002
3040011
1000302
3300111
1000320
3122100
1220310
141030
3013101
2322000
23013
2221200
100332
2200320
211203
14301
201030
43002
303300
1310130
3120021
4103100
313200
3311100
2211000
2214000
2102400
1201002
40320
210024
3203010
2002302
1313010
1310013
1003011
3030300
3021003
1404000
321210
431010
2200011
112032
133101
3002310
214020
32103
2011320
210240
11040
4001301
2133
120132
31410
1200030
1102020
1311300
300132
23130
1001304
3020103
3100032
102120
100143
3011103
4010040
1130103
1004400
4110300
3032001
1133100
322200
2231001
2210220
2010330
4010130
3101022
111000
212004
210210
2012010
1400310
2113200
1013001
2331
2000313
1002201
102024
3402000
1200120
30030
1010031
100341
220104
230220
3320010
221310
104013
3310011
1020300
1130100
2402010
20322
3020310
1120002
1301022
3310020
2202201
301032
4220001
3411000
22311
3132000
120000
1320
400032
1240200
2010240
4410000
3301002
1103022
202401
40104
3001122
4300110
1130022
21030
200142
1223010
11313
1320012
210420
2301030
4100220
1131003
1040001
2012301
1000224
1320030
3003300
12204
130110
21321
4000311
40200
11100
4014
1102023
23202
300210
41022
2020023
1221030
1100220
220110
3200202
402003
3020004
1001133
2124
4230000
1303002
2210004
3131010
3011022
303120
112203
10041
3004200
333
1021200
3041100
2003004
400200
222
120012
102312
4011300
222003
131010
2311002
202200
100440
3011013
222000
1030014
12231
13011
2100000
213003
2402100
400302
3300030
2110230
1104030
2102310
1100001
1300203
1022202
113022
1043100
2000214
2002200
230100
2310102
2021130
4301100
10002
2201013
40014
2011302
4020102
1410030
2031003
1003023
2000310
302310
2300220
104010
2200104
1330020
3141
2030013
201231
2003310
1320102
1021020
2320002
3201201
2222001
1020312
2200020
3000321
202020
130221
1410003
3100104
203310
42012
32400
2130
1000110
2030022
1103400
202041
300114
2100003
1000401
1232010
2103012
2100120
1002042
221103
41301
4001202
2000001
21132
10212
2310012
2002041
310221
4202010
1004022
3102
3110100
13410
2040030
2210130
300240
1002303
1133010
302301
1200201
311400
300300
222201
3020301
1000200
200214
2300103
2220201
3222
3100101
212310
4010004
2230110
2214
2123001
13200
12
3203100
1003002
1022400
14010
330030
2300004
341001
301410
204000
103020
3402
301221
4012002
2040210
1102230
420210
410040
110430
4113000
2304
2213010
240030
233100
4200
101430
4110000
400023
204300
2102220
401001
2021400
102123
243000
1013031
3004020
240
202140
3120000
3012000
1300011
420120
2000430
1012032
4020300
1403010
2201010
3400020
30012
441
2300100
1040010
3
320022
2040
410301
320202
3010020
324
14013
1330011
1010430
101232
4011003
2120040
1304100
2300301
102021
13140
11331
4003110
310020
331200
1001340
3400110
3010122
4002030
1000032
2200113
3230100
1030203
1301004
223101
201123
2120100
3113100
11103
330
2212002
2010030
232101
3010011
2010402
1101033
1010322
3231
221301
310320
110031
230121
321000
20100
1220400
3030111
40203
12300
1001202
134001
130122
201213
4100301
2002002
2210022
221022
1000323
4040010
1202220
1000014
441000
212040
2320200
3200400
1101300
1300104
102321
40311
3400002
3000120
2001420
211032
201042
4200102
3002103
1100310
42021
3200010
211200
100224
1200000
2001312
2201100
2024001
402201
2104200
2010213
232200
40410
3110202
2040000
4021020
1212030
220230
1000041
2203200
2100330
3000231
1200123
102201
100032
2020011
2223
120042
44001
10404
3300003
2240100
231300
12330
1400004
1033200
2011020
131301
432000
2101230
133200
2020014
2400300
220101
1200132
230103
1400001
233001
2033001
1340100
2012202
131100
3011010
3040020
203040
1030311
234
31041
1203000
1003203
1130301
222210
311301
3102030
2010300
1140030
1310220
1332000
4100001
212010
1002222
121302
1041000
3122010
140103
224010
2203110
1002024
1320000
4001004
101202
41010
2220012
1221
400221
11322
2004000
1012320
3110022
100311
3001020
103212
100221
3030012
31032
2000421
3101031
400140
3300300
3002040
210
3100014
10431
100320
33201
1014003
3300210
4014000
121320
3040200
1001301
1212300
1220004
4000011
2122002
1001310
411300
202104
4010103
2020140
313101
2020020
121032
103023
11301
3020013
23301
3010014
3031011
4030011
1240020
300042
2022201
2000121
3220002
1200033
4001103
1230102
310032
4000203
1020330
3111
3020001
1040004
123003
23100
111330
4010010
3002400
3003102
1013040
3211002
3020100
12213
3104010
3010410
2211
3312
110100
3000000
2030100
1120230
2021010
2002401
2022102
1012023
2103201
1030200
3002022
1120320
1013220
1332
401010
310212
2010042
1001223
411000
3311010
12120
11430
1110300
1100034
1400301
1022310
312021
2230200
301203
3003003
1122003
2010201
1001313
222102
1300140
2120022
2430
421002
3014100
2100300
2400210
2130210
2200212
23400
3230001
430101
401301
20001
1220103
302040
1302012
2313000
113013
3031002
1130400
102012
3010311
3102300
3130101
2112000
230301
101130
11400
4140
4100130
400230
1422
2421
2101200
1013010
20040
2000223
142200
1201032
1321200
2221020
2102202
3024
311130
30111
3303000
1023000
10203
2300040
2110032
2100312
40002
2020230
3001032
301230
2103210
212103
232011
210213
1401
133002
210033
323010
20034
242001
322011
10011
2003103
1430010
1330101
222120
4013001
21231
1030221
302013
2031021
1020240
20202
3303
3113010
2410200
1010013
411
1011300
2011200
2002140
123120
2301210
23040
2001213
2022300
2030301
3200013
3012003
1430100
3401010
4210002
201132
401004
423000
301140
1301220
2001222
2003211
3041010
403020
122301
1210302
3140001
303210
200034
1020120
400410
4002012
3101220
1013310
3031110
3300000
3030210
2003301
3000411
1000413
431001
201024
31221
33003
102003
410220
321012
14400
1140300
301110
3410010
11133
240120
130203
1110303
302220
1012020
3140010
402120
101013
3011100
100230
400203
200430
42000
11034
1220130
301023
30303
3003
1031400
2130300
2302002
120204
2011230
410103
1413
2013000
340020
1100400
332001
32220
1003101
400113
103311
3301101
4101300
3103002
1001031
30213
211302
3040110
24120
1000203
2201031
30024
232020
2012130
2101203
2041020
1020402
2030103
120033
1130130
1022100
3020022
1310400
330021
1310004
132201
2240001
34020
2420010
4300011
3002013
330210
4100031
4022010
102210
4311
1400202
2210400
3110010
2220021
1010034
2202021
1100304
3002130
3012
23022
4100400
311100
4001100
22011
3320100
4013100
3004011
301401
4401000
3010101
2120001
1032012
2021022
342
13311
3013020
1000332
2401002
213012
40140
1030002
4001310
140004
310311
21402
1030401
1010220
41103
1404
2220102
301200
12003
3021
1400022
2012022
1002120
223011
201120
2203002
123030
1104300
1301130
302010
2403
20112
4020021
1210020
3042000
1004004
131310
31122
413010
23211
3031101
304101
1230030
1013400
2121000
230040
2100231
4001013
2000010
121020
130131
200421
1113030
3102201
2001303
2102004
1023012
3110220
130113
201012
2200002
310302
3211200
3210021
2201301
2012220
2010033
110232
2430000
4130100
3010221
10221
1004010
24012
23220
20010
300012
123012
40122
331011
1311030
2302101
2100012
110043
102042
1302030
1100100
300120
2024010
1032201
101133
2000040
1134000
2121300
1201020
3221001
140040
204012
3200040
3020031
1100223
13302
2232
2001132
21102
2032200
100233
100110
4000014
4122000
2300031
1100202
2033100
2421000
1340010
330102
3101100
3103200
1030032
0
4102200
2013102
400131
130230
320130
1103100
2011002
2142
1020000
420030
14100
2000004
1240002
3113001
4040001
3023010
120303
1103001
420
114030
4212
3003030
2031300
4030101
4113
40032
2312100
1300131
1131030
1220022
2000241
400014
240300
1004001
2201103
1330200
2202120
231210
311202
3300120
2410002
2012040
2210040
142002
212001
111
303
231003
2022003
3003201
4220100
2013300
111303
1024002
3220110
1302003
2210013
1002210
200121
4103001
2112003
41310
1213002
101220
303030
2020032
1031103
1003140
10314
302103
1202022
1010313
1014
331020
12303
2101032
2032101
1040220
1203
3000300
1310103
21303
1002
1020030
2110020
1020003
100323
202002
1031100
1022103
10302
134100
310410
1204200
1202130
200010
2001321
4212000
2002020
1001331
3000111
4200012
403002
3110001
401310
120210
3000030
2030211
102402
21042
300123
212100
440010
211002
104001
312210
10401
303000
30033
210123
31113
200211
212130
120201
21012
21420
300411
33
32004
140001
141
4000101
2113002
4041
4310010
1021320
1430001
402000
4030110
3001302
1221000
1330110
203121
1204002
20043
401202
1122
3000042
102330
1012002
212400
100113
1030104
1002321
2002101
410130
3010104
123300
302400
440100
3014010
302112
1230003
342000
1300401
300024
1002231
3312000
1301013
1002330
200304
1031130
3002211
2420100
1201200
1031202
1030041
2303100
1310001
420012
144000
3302010
322002
2211300
1103004
2304000
1023003
200022
33210
2130003
2020200
2020311
131130
301311
1200003
20220
2001210
3321
31011
4301001
1300200
302031
20004
3022101
1104003
2204001
140301
221004
101034
220320
1202040
3021120
2312010
330120
100020
4102002
33000
3210120
3022011
14103
1301010
1001034
22302
2322
220221
41040
1210023
1100103
210003
4032000
3010200
2200311
42030
10320
1230000
2101320
201300
1031301
123
2040003
300321
2031012
320031
1300212
221202
3013110
21021
10413
1130013
1102200
101031
311031
320004
13023
200100
32310
220200
220032
2100102
21300
32013
123021
122004
2000031
1231200
1203003
1203201
3101040
14004
1300020
2200014
2301102
21033
10020
1004130
123210
4401
1032030
2321010
2020410
220212
2000103
304200
1030140
3001230
4002201
1230300
2201202
231000
1040013
1011003
124020
110001
3130200
4001022
2200221
20400
3022020
3001002
110322
1311000
24210
1440
4000032
4004100
120240
1314
42
104310
13104
2210031
200340
3201
4300020
4001130
2004
40401
1301001
1100403
3130011
1330002
1400010
3030201
3012012
3000012
1003221
104022
1002000
1003230
3000312
311040
20214
34101
3200301
104130
1422000
30420
22101
3202200
31023
3000240
213
310122
4101003
2001003
1131
1100010
3032100
2001300
340110
11043
3001011
3021030
31200
43011
1102320
31140
203211
40041
10341
1100040
2001042
4302
202011
1104
1202301
2100213
1022013
1123002
2120013
114003
203112
311310
3001410
1310202
1020012
1022130
30231
410013
101331
2300130
2102022
210102
201303
3100311
1120203
3201120
1200303
2311020
3000114
323001
2043
3002202
220020
1230021
1003122
3310002
2301000
2101302
2101002
1300014
4200120
2231010
1000134
440001
2100042
2040201
230013
3240
10131
4200000
4000104
1002021
3210300
2101023
13131
12030
3210012
44100
102030
2102013
1322100
3201012
41031
2031030
1030320
4031001
2200122
4032
101310
302100
2301012
1311003
400011
210132
202122
2310030
4002003
100023
122202
3013011
312102
1302300
1202013
413001
3100113
120321
3102003
3400011
3200100
3012210
2001000
1104000
240201
1202031
1001400
303111
1000002
40212
2130102
113001
200232
130401
3010041
4031010
303012
132012
101304
2004021
1020
1410300
2013201
1314000
210300
200133
3140100
1202310
2023101
400110
120120
1044000
12033
1010202
1322001
1203102
2120202
1010301
4010400
2112030
103320
1002123
211020
101400
1203030
4100010
302001
3003120
1000404
120300
2002410
2220030
4004010
320001
302121
2014002
220311
41001
30330
3122001
230004
213210
241002
1021203
2012103
30003
100002
131220
301011
3120030
3000330
10044
1103130
2313
42003
2340
3121200
220410
310041
1402002
1100133
1013103
422001
401220
100242
41013
3001041
1202103
300222
3100041
400101
3033
1200321
23001
2002014
212301
110004
2032020
1031022
2003202
24030
310110
4202100
1102032
3221100
11340
1220202
10323
300141
2213001
1000341
203100
1004040
423
2103000
3302001
3104100
2420001
132300
110202
202110
1011303
1010331
3210000
42201
4012200
200202
1102302
1200042
133011
201402
3300102
4004001
302211
213201
100044
3300201
3101310
200403
311013
402
420003
1301031
1010022
400122
2100222
100302
1000020
1012230
224100
1303200
4010022
3410001
1002300
2021013
1040130
3123
2002221
1220301
200223
1301400
24300
1004103
411030
140013
4000140
1122000
2400
210042
23121
3310200
1023300
3012300
301104
3102210
12312
11202
300330
132030
402030
4103010
3000102
1020213
101322
3024000
1210002
2003022
2201220
2202300
3201030
4100103
113400
100410
1100322
1000104
1100430
22203
4000110
1033011
4400100
2301
100140
4010031
1032300
33030
104103
2300310
2004003
1003200
131103
4000212
1312200
103302
2042001
20421
1200231
42300
1020024
3110103
121203
1413000
1020420
212202
100041
12222
210303
2102301
131040
14130
2003130
230031
1004031
4002021
2201022
1431000
132003
3012201
3000210
104400
300312
3201000
203010
2010021
3110310
231102
211023
3230010
1202100
2020104
1003410
3022110
2340000
2222100
2004120
44010
2113020
20310
410100
300000
4001010
2132001
220023
2201001
1001220
3202002
2212020
104202
230010
1000422
230022
1021002
1000131
400401
301014
4010202
4000113
30312
3101400
401100
122022
321120
22140
2103030
2024100
2021220
2011203
111003
2201040
200103
1320021
1110030
1000431
1323000
11304
223020
203013
3200103
2031000
2010024
220401
4101030
23112
2030112
210321
3021300
1011330
1302021
1021302
421020
1221003
2120004
300033
1000023
3000303
1100031
300204
203202
1002312
403101
1023210
2022000
3000420
1340001
2310120
1304001
2021103
4400010
3320001
21204
13041
1030011
1010400
300
1012203
213102
4210200
2010312
1012200
3101013
220140
333000
200031
102000
3330000
3200112
1130010
1042200
3411
3200004
2000043
1303110
1021230
414000
2000331
201330
1023201
3100203
2001033
223002
1300101
22020
221100
1023030
1032210
1003401
220113
2330100
311103
4110
103230
1103103
1001430
101103
330111
31203
221013
324000
1040301
210231
22410
132000
1201320
2004201
2000124
3100410
1320300
1300002
201240
420021
1420200
1302102
1100022
140022
3300021
4001040
3001140
1341
2320101
222012
1003104
3212010
140130
2123100
4101
20403
112230
432
3210210
3110040
4100100
2022030
3401100
4203000
2001330
21330
2001012
202131
4020201
3004002
10233
100314
3010140
321201
4201002
11310
240003
2000112
234000
4031100
101313
10104
2203101
23010
1123020
1113003
1130310
2110302
301020
401022
1030230
230112
21120
12042
3004110
103200
211230
1403001
1200240
1100313
1032021
3000003
4022100
312120
131031
1030131
2220
1122300
220122
14022
2321001
1130220
310401
4102020
3201003
4200021
13020
114000
110010
321030
2100132
304002
2021031
1132200
2002131
21
11022
4010001
1004301
203400
410202
132021
110133
420000
230400
32010
410031
3010203
220131
3021201
32211
2040300
1200213
1301301
402102
231201
1401030
1202001
3110400
131004
1310310
330012
120021
3200031
1101330
403011
120420
3012030
20013
3100140
2000322
1021032
1230012
1013130
411003
3022002
402300
3021012
24
3110031
314010
2003010
1023
1220001
1321020
1120032
1000143
1420002
312201
11220
