30302
2303
3020
3023300
3002000
300230
30203
3032000
3000233
332000
2333
2000000
30023
3200
330002
2000
2330003
233300
20
3203
2003033
302300
303203
23330
3003302
20330
2300
3302
3323000
3230300
3300302
3003203
3200030
3000200
30200
3303200
2003303
303020
23003
23033
3230003
3033002
3030020
3002300
3300002
300233
200303
2030
200333
300020
20003
2303003
3300320
3032003
230030
30230
20303
2300000
3200000
2030330
203000
302000
203030
33032
302
3200300
3020000
3002303
3003023
230000
323003
320303
320
330032
303230
3233000
3320030
2003330
233003
300002
3300023
3030203
2000300
2000330
203033
200030
3033200
2003003
3000023
320030
30233
230
2333000
3032030
2000030
33302
3303002
2000333
302033
3030230
2003300
323300
3320000
3302300
3300200
3020330
330200
320003
300203
200003
3230030
2030300
3002003
332030
3033020
3000203
3000032
233030
320033
303200
32003
20300
30323
20030
332003
333002
230033
23000
2003
3030302
3030023
2030003
332
200033
33230
3203300
2300330
2033300
330023
3300230
323030
33020
302003
20000
3330002
3203000
3200303
3000002
3020300
2030030
3030002
330320
3303020
2300300
3200033
3023030
200300
33320
3000230
333200
230003
200000
320300
302330
303002
2330300
3020303
3002030
3002033
2300003
3332
3003020
3003002
32000
3320300
3020030
3003200
2003030
2300030
300320
300032
300323
23303
3003230
3003032
2000303
330020
3200330
3302000
2030000
203303
32330
20033
3233
2330030
3023000
2030033
2000003
2303000
303023
33203
30332
30020
32
3203003
230303
200330
33200
300332
300023
3002
2033003
3030320
320000
203003
332300
3000320
3032
3320003
3203030
3020003
33023
320330
330230
32030
2330
302030
20333
3230
2303300
3020033
3000020
302303
30032
3323
3302030
3300203
303032
32303
32033
2330000
2300303
2033030
303302
2003000
3000332
203330
303320
3302003
2300033
230300
23
30002
3023
2033000
3023003
3002330
300302
3330200
2030303
33002
30320
203
3230000
3300020
3200003
230330
2000033
32300
200
3030032
3000323
233
3320
2303030
3003320
233000
23300
3300032
2033
3332000
3000302
323000
3032300
3030200
2
330302
300200
23030
323
3330020
333020
330203
203300
