2033002
3020203
2000230
2000302
3043
1333000
3000100
322000
313003
320023
300043
2233000
2020003
2002003
230002
10030
1000
4000030
1330000
3330001
2203000
323200
302200
300100
4303
4030000
4003003
3322000
3310300
2003020
2003023
340000
30232
3010
3304000
3003310
322030
3301000
3303010
2200033
330100
200023
32032
20023
3130000
2030320
330130
30004
3220003
3020020
1003003
400003
302230
300322
30202
2200000
3223000
1330003
3302200
3033001
3002320
2032300
130033
304030
200020
3103
2030230
133300
304000
202303
3030022
233002
303310
300130
3310003
2303020
3030103
3000430
2000233
430300
31033
3200302
2200030
1033030
3000322
2000203
2000032
400303
303022
2300302
3200020
2030200
303202
30031
3313
2032
334
3010330
3002230
3000403
340003
34003
1300330
2020030
2003302
320203
320032
301300
300202
3220300
3202300
3202003
3023200
30001
2233
3301300
3203020
2300032
3030001
3001000
2002330
3000310
2000023
310030
3013
400
302203
20302
3001330
3003010
3000103
203020
203002
10
4003030
4000300
3400030
2030002
301033
2320003
3031030
223300
33004
2320300
3031000
3022300
3030400
3030220
23023
310
1300300
130000
20020
233200
322003
230200
303130
302020
313
3200200
133030
301030
3331000
2302300
3010000
3020002
3004003
100303
31300
23020
20200
20320
2320
3310
3313000
2200303
2020300
2003002
130030
4300000
3100030
3022030
3030004
400030
3310000
3030310
403000
40330
40003
3133
343
3103003
1030000
3001003
330010
303004
300013
322
3300220
3031003
331030
330400
40300
33220
1300000
33022
4033000
3103030
3200230
3023002
3001300
3000400
1000030
3000022
301000
303040
203032
22000
33130
4000033
3230002
3203200
3010030
3004030
303301
103030
23230
2203
2023
133
3130030
3202000
3301030
3002032
3000004
300430
33001
20032
3340000
1303300
2203030
3300310
3002002
203230
202003
31303
31030
2300230
3020023
230032
22300
30403
3300010
2030302
3003031
332200
333100
223003
200302
10330
30340
3430000
2320000
2020033
3003022
302002
3130
4300300
4003300
3133000
31330
2303002
2000332
340300
202330
33010
2300320
2003320
3000010
332020
130300
43000
23203
33031
3100
3031
2032003
3020230
331003
220330
304300
3001
4030030
3300202
2300002
2002033
232030
230020
10033
32200
32020
3200002
2020000
230320
4303000
2230030
1000033
103003
200200
10303
3320020
1033003
3001303
330301
403
3403000
3220000
30400
1300033
3200023
300040
30100
3200032
1003300
2000320
330310
203200
302023
20230
333001
20233
20332
1030303
13030
30133
3013300
2030203
3000220
300001
32023
3010300
3030301
1030030
3030031
313300
4030300
2320030
3300004
2033200
3000133
223030
302302
303013
300031
3300031
3010033
3003103
2000200
334000
130330
200032
3322
3330010
2230003
2200330
1033300
2030023
3003202
1000303
100300
34030
4300
3034
3200320
3000223
30322
3004
3100000
3130003
3200203
2030032
1030003
3002302
3003004
330103
130003
103000
33013
2020
34
3130300
3004000
20323
2200
303010
103033
22003
3403
2230300
2033020
3002020
133003
230302
301330
33100
2230
4030003
4000003
3100033
3000031
1333
3320200
2030020
230230
304003
303031
3010303
430000
403003
133000
300004
32230
1003030
30313
3040
1330300
2002303
1000330
403030
202300
1303
2300200
1000300
331000
330202
100333
300304
3331
2330002
3100003
3000001
322300
303103
10333
3301
4000000
3400000
2203003
3032200
330040
200230
300313
30040
10003
2302
1033
1003
430
3301003
3003040
330001
23200
232
3232000
1303000
300310
30301
332002
303220
13000
4003000
2023030
3003013
220000
300301
13303
3003220
430030
202000
300103
30043
202
3032020
3020320
3002200
3003100
200320
33202
3020032
1003033
3000043
400033
220300
220003
300223
3340
1000333
2000002
330022
103303
303001
300403
31003
1300
3400
3302020
3040000
2003200
3000313
313030
100033
4033
3000013
323002
202030
30304
340
304
3310030
2032000
3001033
300400
13003
32002
3232
2302000
3000331
3000301
310033
23032
2300203
3040003
2003203
3002023
3000202
301303
13330
23320
32302
1030300
232000
310300
130303
30430
30223
3300301
1300030
3020200
3030100
1030330
300022
2002030
3003001
301003
200323
331
3400003
2323000
3100303
3032002
43300
22033
30130
4300003
4000330
3300130
3030013
400300
313000
320302
43030
33301
1003303
3001030
2000020
323020
330004
300232
40030
3202
3203002
3302002
2200300
3033100
300340
34300
30010
100
220
1330030
2002000
3003400
223000
22030
33040
1030
200203
33400
31
2300020
3023020
1003330
220030
320002
3022000
100330
130
1
2303200
3100300
3300013
3040030
2003230
200233
30022
3223
3030040
3003130
303100
2330200
3230200
3040300
310303
2002300
3003301
400330
310330
223
3300022
1033000
3002203
3000040
430003
303400
300034
3330100
2023300
3000232
3000034
320230
10000
20002
3022
2302030
2032030
310000
310003
10300
3304
4
2330020
3230020
3300100
3031300
3000340
2000323
302320
203203
300010
23302
2203300
2300023
3013003
3030202
433000
220303
3430
1303030
3303001
1300003
3013030
2023003
3030010
320320
30310
43
22
2332000
3043000
3013000
40000
30220
433
3034000
3033010
32320
13033
2323
40
203320
40033
3000304
203023
40303
3300103
2003032
403300
43003
3220030
3103000
320020
33310
20203
4330
232003
103330
300220
200002
22303
30103
103
3103300
3202030
2302003
2200003
400000
232300
331300
320200
13300
32203
3303100
103300
13
4000303
3022003
3020302
340030
333010
220033
330013
202033
300133
1330
1303003
203302
4330000
4300030
3300400
1300303
3300001
1003000
233020
330220
100003
30034
4003
3220
3030130
100030
33103
23002
4030
230023
200332
34000
1000000
3300040
3010003
3000130
100000
343000
300331
31000
4000
2230000
2020330
2020303
3004300
330031
302032
22330
3400300
3100330
2023000
1030033
1000003
30013
2332
301
3320002
230203
30331
2002
