2111020
1311001
230200
2300020
1210102
310000
2101003
30130
1210030
1000204
2212
1411
2110201
2200300
4100011
2001400
1021300
1113100
210301
32011
3300010
2210200
2002003
1100230
10420
1002112
3111100
1400200
1001014
2202100
1010203
121300
140101
12112
340
311200
2020030
2002
12001
110203
20140
322000
1130002
103210
1122100
34000
410200
1130020
3000022
1033
1033000
3011200
11041
14002
430000
230101
200230
1200220
2020120
114100
2113000
121210
1004110
1012000
1140001
1113001
120310
2200120
320101
1104100
3100102
304
211300
2001004
322
102400
112102
2310001
2100202
214000
102010
10231
2310010
1002031
41110
14011
330100
20401
1312
401020
1020010
421
1001230
120220
1010230
110230
1102120
1032010
1400101
110023
40210
1230001
1210201
2311000
102112
240001
2201011
112
1330
240010
101212
2020021
2004001
1002103
1230010
1400110
11032
3121000
1220200
201100
1201201
4003000
1003000
2001010
2120011
1301200
4001110
1012012
1001122
2120200
130120
1110220
1102210
1010101
4002010
1000222
1103110
1010041
120103
3020020
201310
22021
2020000
320002
1302001
2002102
2100301
400021
120010
3012010
30013
3010
1021201
1031101
2003200
103030
2021200
1104001
301
121003
122101
111010
120031
101200
100402
2201200
3000220
3211
1010302
2000110
200410
2100040
120040
1020121
220111
132001
2002030
3100021
3021010
301111
3000100
1220110
300121
114001
22111
1100221
41200
31021
3300001
1021000
20014
111220
3001300
1003030
2100121
1010212
1001020
222010
231010
202201
330001
300100
1200400
103012
1010311
3100003
2001130
232
2000203
10003
211000
103201
1202200
3201100
2102020
2101201
1012120
140011
120100
11320
120022
3102001
111130
1021102
40300
3202
4010101
100213
4200100
3013000
2120110
1030021
2203000
1031200
2022001
110320
201013
200320
3000004
331
30100
1020022
123001
31300
2131
102130
1402
201040
110014
1001320
2102011
1001221
2020210
1003021
410020
1410001
1200010
100201
1140100
1110001
1202101
12040
112120
103111
1211020
2110030
3101200
1410100
1114000
3101011
1000321
1101103
101140
1240000
100003
2030101
12130
1001104
142
311110
122200
112030
1011001
10012
2023
1231000
2220010
2102002
300001
2021110
101221
1021030
200110
102013
1040101
1002301
1130011
1001200
113011
2002000
20203
2100400
3021001
1141000
2400010
3110002
1202002
1001002
1330000
403000
10321
2011
1400020
4110010
23002
14200
3000103
21202
100021
1000111
1120030
4011100
211003
4021000
12010
1300003
13300
30310
1110301
1420
2103001
3002011
1221001
4000102
2211001
1100212
2100013
34
1001023
11302
2010211
43000
1013020
2031010
24001
40111
3120010
230002
1200022
2010100
2000230
1101013
2014
13003
302020
22102
1001212
200020
2004010
4
21010
1000312
1300111
211210
3001
1303000
3101110
2020012
40201
320200
230020
20101
1010110
11410
1120003
3022
1110103
2001310
100000
1130200
3100210
3111010
410101
102202
13210
2011012
1001140
1131100
2112010
4201
3002002
3100201
2000131
200011
2030011
3000211
321100
2122
11311
20410
1220020
1032100
320110
210010
1011040
21040
102211
4000003
2000014
13000
120202
102022
1002211
121030
2121100
211021
330010
1103200
3011101
2000020
2200111
2022010
212002
1010014
10411
1011031
4000021
101110
2012002
110212
2212000
1210120
2001202
1021021
1010140
1321
3011110
131200
141100
110131
1201030
300010
402001
120301
2110102
1222000
1220002
100
31120
112201
21220
4021
3210001
1020400
1132
3011011
300112
1011004
2040001
22300
1122010
4000201
3012100
2112100
10141
201022
1001032
112210
1010221
2012110
213100
1120201
1011013
3100012
2100001
2001013
100114
1300201
13111
1000303
33100
2110210
1301110
102121
2101012
10114
3200020
3001000
20023
140200
101011
2000140
411010
1101310
1030030
302200
1112020
1100410
301000
4101001
1100032
1210021
11131
10300
1120120
2400100
2100022
203020
214
12121
1302010
30103
2032
3013
310111
202120
1100110
301210
2001211
130030
4002100
2030110
122011
2012020
411001
141001
1020310
4010110
113101
2003110
1121200
221020
210031
2101102
3200110
1100002
22000
1020013
310300
2110
11011
2010130
401200
112021
2230
13201
1213
40003
101203
10213
12004
3100300
430
104020
1120102
11140
340000
220030
2010220
1110022
2013001
2001040
220021
202102
1023100
2011030
3200002
2140000
32200
1112002
210022
24100
203002
300004
1003201
100411
212200
41020
311101
2000101
1201210
220300
3003010
2101210
10
104200
1101301
1023010
1021210
2031001
1110010
3020110
3020011
1410010
3001111
1021
3112
2010010
4100020
42001
4102
1310020
200200
1100023
1201102
110002
3004000
303001
3301000
1300120
3310
111022
11221
2010112
1003111
4010200
1110031
2102200
1000141
2011300
2010103
20032
1202020
1131010
1212010
2012011
1102300
10111
1010032
3031
400210
130201
2130001
1030120
41011
211120
1141
10330
1000132
1110310
20212
1000300
201031
23011
301120
302101
2311
201112
1003300
33001
1020130
210040
300400
2010310
10033
3010012
20131
2300110
4011001
130
22201
3000130
3001120
201130
1041100
2104000
3000031
210100
1100011
4000000
1013200
1101010
100132
2131000
2011003
1003
220
1310200
4110100
2210020
2020111
1210210
32110
201121
2101021
2200021
21022
20041
1100131
21013
140110
31030
2010400
1140010
1120012
1101004
1203100
420001
123010
230011
1111300
101410
3002110
10132
2002120
104002
14110
110011
4111
4101010
3000010
1013110
2021011
1010131
4000030
1303
1010113
20020
1030201
1300
1120210
401011
3010201
241000
301102
202300
3000310
1101202
1001011
1221100
20110
1120300
2300101
2000104
410011
1114
1301020
1020103
101002
211
100141
3020200
203101
2120101
4110001
103300
1111000
3211000
41002
40021
1002010
2002210
223
1212100
124
2020003
2210011
2201020
2013010
43
10204
1000411
4100101
1200031
1030
2000212
1110202
40012
110041
1230100
2010031
1202011
12013
1022011
1040020
221101
32020
1020031
4300000
1030003
201220
202021
2410
1011400
2030200
300220
30022
30040
1000021
1041010
2230000
4000012
23200
101311
2221
1211002
2102101
1002001
20122
11110
2200102
31003
313
1040110
10210
100030
2010013
1101130
3100111
2210101
1011301
1020004
210013
1103101
3110101
123100
100204
230110
10042
102040
100420
202111
2122000
1031002
100024
31201
2031100
211201
104011
2200000
3210100
1202110
111301
31111
40030
1010200
1000
402010
2002012
1001110
2001103
22012
131110
1102
3020002
14020
2010121
3110200
2120020
1002004
2121001
222100
1201021
113110
1201
110122
101014
1020001
1011130
1004011
3210010
130021
1021012
3201001
4000210
400102
4210
1200310
1221010
3200011
410110
2000032
1011100
2001100
311002
1013011
212110
313000
101041
3040
1002040
131002
302011
3031000
3003100
1003120
1010011
213001
2100211
12220
2030020
221110
2400001
2210002
1100320
4000120
2000023
102103
114010
1110004
1011310
2301010
300040
211012
104110
112003
1030111
1000033
2000113
2022100
1002400
204100
30211
3111001
4010002
1000123
102031
13012
130210
1120000
303100
2020
210211
310021
40120
2302
133
1102201
202012
2202010
101131
200122
1042
401101
1101040
10312
12031
400
1220101
3001210
1
2103100
1010023
3220
1020211
3010111
4020010
1002121
12211
1123000
3021100
1001401
1240
102001
111004
100033
1104010
110110
3010120
2001220
101401
121000
3012001
3001102
1000420
101302
10222
4100200
2000410
223000
202030
112300
110410
2130010
2000200
1020301
4030
2012101
3020101
132100
1210003
2013100
2012200
2001001
1000210
304000
1203001
200032
2000311
110221
30121
412
3110110
1023001
4003
120112
21211
4000
1201012
100321
111202
11212
301030
1112200
200131
31012
202
131020
2200003
2200201
1024000
122110
310120
112012
3100000
2101030
2001301
1011022
1000231
221002
122020
321001
12100
201004
1001410
1320001
1040200
1401001
1200121
2020201
1200211
20113
1310110
1131001
210310
220120
3003001
1300021
101023
3010003
140020
2110003
2003011
1000201
13
2100220
101020
40102
401110
1111
124000
2211100
4001011
1021003
1123
1012210
2002201
31
10201
3300100
2100112
120121
31000
2320000
110140
1001311
2100010
301201
100210
10120
1120
2010001
3002101
113002
2001121
121120
14101
102301
1100113
2002111
130000
220000
4010020
111031
2010040
3030001
20320
30010
13021
1204
121012
1000000
3121
120211
310030
2103010
200113
1121020
1101022
1100041
1010401
2023000
2110021
1420000
3202000
3120100
1200112
301300
2210110
1000213
3310000
4020001
2100100
310012
10024
1024
4100110
300022
402100
103021
300202
42100
1003003
2102110
1014100
232000
2130100
2120002
142000
1101100
1102012
1100122
21130
104101
3100120
4200010
13030
30001
120001
2014000
310
212020
1030210
23101
210001
1100203
1211200
1030300
131101
1011220
3120001
110302
3040000
312001
1130110
2220100
300031
120004
4111000
1004002
2110012
1100101
1100020
2100031
20230
121
130102
300310
3000202
10303
1101031
2000122
102100
3101101
2310100
101104
1102102
2101
3010102
1102021
101230
1102030
13120
12202
222001
13102
10240
110401
400030
23020
1032001
4011010
210202
203011
100111
421000
1100311
1010104
1111030
4200001
1204000
1030012
301021
1010122
2203
110032
1012
3001030
11230
2104
30202
30301
2000401
220201
3011002
311011
20104
110113
1031110
20311
220210
22210
1004200
113020
100312
1001101
200302
1302100
3011020
2301100
204001
20200
200041
33010
1222
310003
2002300
1022200
24010
1213000
400120
42010
4101100
201301
4012000
103120
4120
111400
1010002
3130
203110
1400002
40000
22003
2011021
220102
1220011
200104
21100
3200200
22030
32002
2011201
111040
221011
21121
4001002
2100103
1040002
2011120
30112
130003
3000400
2200012
2201101
131011
3022000
2220001
21400
2302000
200401
2011102
2200
1301011
2001112
200212
12301
3200101
2010022
112000
100240
1100140
10021
2041000
1300012
2020102
1003210
12103
2121010
210220
301012
302002
100300
2000041
12310
110104
201211
1402000
1311100
200101
2112001
2221000
4020100
1001113
1022020
4012
3030010
220003
1200301
2021020
11122
1000012
2011210
312010
11002
4030000
4102000
1102000
110101
300103
300013
2010202
1001131
121102
1014001
1012102
40
420100
2003101
10102
1002022
2410000
4002001
1100200
1030102
1001203
231100
400000
1000030
103102
212011
210112
1000024
202210
400111
3000121
100012
2300200
1200001
100042
2040100
3004
1113010
2200030
1231
120400
21301
11023
3010021
1012003
1010320
3400000
1201003
1201000
1004020
11014
200023
2100004
1031020
1110130
2300011
1012030
1110013
1310011
121021
3103000
4000300
321010
3220000
1002100
1301101
2110300
240100
1210
1300300
1020202
1321000
2111200
2211010
122002
1002202
1000102
3010300
1022110
1212001
1111003
100303
1000402
111103
211102
4000111
110020
1411000
3100030
2101000
2021002
11020
120013
2110000
3102010
1003102
100102
1100014
101113
2030002
1110400
1210300
3030100
3000112
1012201
121201
1200013
1020112
2401
1010020
2000221
1100401
1310002
1103020
3000301
1300000
2000302
2000011
2113
101122
1001302
30400
23110
2041
310210
302110
102004
21001
20011
1020040
1121002
102220
1110040
111001
3103
1011103
1030000
420010
101320
1201120
1000114
11113
1002310
210004
100231
31210
2001022
204010
4001020
200203
1012300
20302
11101
1102003
11200
241
141010
1000330
3000013
4210000
2201002
2000002
4120000
2401000
310102
201103
1310101
10123
133000
1200202
1000003
1311010
201400
2140
1103002
2100130
3130000
2003020
1000240
22120
212101
1320100
1200103
1022002
231001
1103011
200140
11203
1320010
2301001
4010011
310201
1300030
1132000
1200130
4300
3102100
200311
1011202
1312000
2003002
3101002
30004
202003
1200040
31102
2021101
1041001
3201010
2100310
113200
1210012
3001201
111100
4201000
130300
1042000
1012021
3112000
2002021
22
101032
30220
221200
1100104
130111
1210000
3001021
100120
1010410
41101
300301
2001031
1000120
130012
2020300
102310
201001
103003
1002013
320020
320011
10000
1003012
412000
140002
1101400
10030
103
200221
1040011
201010
3000001
2032000
110200
1021120
21031
3110020
2201110
1200100
2004100
32101
3110011
3001012
400012
111013
3101020
1200004
2010301
210130
200014
1401100
1022101
202000
3010210
401002
4100002
1301002
110311
11401
100123
2011000
213010
201202
1300102
400201
211030
1400011
120130
400003
3001003
1004101
1101220
3000040
21310
103000
20221
111310
203200
100222
1002220
403
210400
1130101
2040010
1013002
410002
1401010
210103
1203010
1122001
12022
30031
1001041
1020100
3301
1110100
300130
2320
210121
2010004
3100
4001101
411100
331000
311020
21103
1020220
2101120
2300002
200002
2111002
2110120
2101300
2202001
1002130
1000042
3400
1014010
1031011
4001200
3002020
2200210
1100302
1201300
2000320
400300
1011010
3010000
100330
20002
1101001
10402
21004
101101
312100
1120021
1013101
11104
3010030
301003
1300210
300211
132010
12400
21112
303010
220012
3002200
