120002
311000000
3000110
11000111
11111
320000000
101012000
3101
100000220
104
1020002
102010001
3000101
32000
100011110
2000
1000040
11101001
11000030
101110010
11201000
30100100
210001010
300000110
202000100
100000301
22001
1001201
1002002
310100000
3011000
2011100
10110011
1110011
11010200
2010110
1022
100300100
200101100
201100010
110210000
2000030
121001000
1130000
120200
200201
1200110
2011010
12110000
10010102
2102000
2110100
10010030
100004
11001200
10210001
200011100
3101000
200000102
200011001
101000102
201011
220000010
300001010
100202000
101010002
2100020
3010010
1030001
1020101
103000001
1110002
10004000
10000310
1301
300200
100001120
101000030
10002002
10110002
101002001
13100000
300020
10200200
100022
100002002
2020010
11002100
11000021
401000000
21011000
1000004
22010000
12002000
10000001
120000101
4010000
20000
111101
10300001
1000001
12002
11000102
23
100111001
110200010
110002010
103010000
13000010
121001
20000111
103000100
310100
101200001
10040000
10110110
103100
100200002
111000002
221
21101000
10200020
1002011
210110
10102001
101111000
200000
100020101
11100110
120101
200000000
110300000
201200000
1010102
130000001
20010101
11110001
1101200
10400000
100002011
10010300
1100
10011002
102000101
200100101
101102000
11000300
20000003
120001010
1112
20021000
101011100
102001001
21020
102100001
101002010
301100
100040000
121000010
10101020
12000101
21100010
220000100
211010000
230000
112100
130000100
200010002
13000100
110011010
100010021
1100012
300000200
101000300
100003001
102110
10040
2012
11003000
11010020
1111001
110210
10010201
400000010
100101101
12010100
20011001
41000
230
20101001
110100101
22000100
120020
2001020
310010000
210010100
100210100
20120000
20100110
10111001
100001300
100001003
300001001
121000001
103001
2000000
200010020
10001111
10101011
12000002
20101010
100310
10022
32000000
110000003
110001110
200000111
11011001
12200000
2020001
120110
202010
110120
220000001
300010001
100021010
210100001
101003
122
13000001
20100002
23000000
130001000
131000
111000020
110001200
1012100
100120010
1001
110020001
210000110
100111100
100000211
1101110
103001000
1310
10020002
110001020
100210001
100220
410000
113
10210100
10010111
10000013
2200010
1101002
110012
11030
10130
101010011
100101011
131000000
401000
210100100
11201
100010120
1101020
100130
10301
113000
212
20001200
101300000
202001000
100010300
21110
2010101
100010003
100012100
1013
111001010
3110000
111100010
100110110
120020000
120010100
2000003
4100000
20001002
2110001
200100002
100121000
100021100
11100002
1130
110002001
400010
210002
200001200
13100
111100100
111110
20012000
11021000
1200020
101000210
10010
10021001
20030000
100012010
20010011
20120
100000013
2
20010002
12010010
301100000
200201000
100100030
101110100
100201010
300101
11002001
10010021
400001000
130000010
120001100
110102
100000022
10030010
10020011
210001100
101001110
100201100
1100300
220001
101201
301010
110300
14
1010201
21020000
2010020
3001001
10100201
111100001
1003010
140000000
230000000
30001100
200210000
300000020
40000100
1010012
20010200
20000012
2002010
1210001
30001001
110110001
101102
2201
302000000
30002
112000001
10020020
211100000
112100000
100001
210010010
10003100
1001030
40100
1112000
10100000
101021000
200300000
300010010
12110
10100102
20110100
110000210
130100
11120000
100111010
11011100
12020000
110100110
10001021
101001200
30200
11030000
11100200
211000001
210000002
3002000
11012000
1301000
3100100
212000000
1103
110020100
210001001
300010100
201100100
11102
1202
11
10110200
10101200
110101001
100031000
200000021
111000101
221000
101100011
11010011
10001201
13001
120000002
300011
410000000
101003000
4000010
112010
11011010
10002011
10000220
210200
1100120
220010000
100002110
110111
10010000
120000110
11000003
1011200
110003000
20000300
31000001
21002000
1000202
20012
121010000
300000011
100200110
100000121
100003100
1011101
1011002
302000
20300
3020
10001003
110
210011000
1310000
200101010
104000
210000020
2002100
40001
21011
20200010
20020001
10010120
1300010
200003000
20030
3002
10400
101011001
130001
1120001
100100300
4100
4000100
11000012
100020020
10103000
1001003
30000020
10130000
1011110
10121000
10110101
310001
201101
310000010
3010100
2300
22001000
201001001
1000103
110010002
10001030
111010010
2200001
30000200
30011000
210000011
2000111
10220
2120000
12001010
102020
100310000
100103000
100000130
1100000
10121
101020100
20110001
1000022
12100001
100002101
100121
10031
10100012
203000000
210200000
20000030
102002000
203000
200010011
2210
1010120
1120010
101100200
102100100
100102001
20102
300001100
100112000
10000031
20000021
10000112
1102001
110000300
102000002
1220000
10310000
211010
11002010
100000202
11120
1010000
20110010
101120000
100000040
1120100
12000110
10001300
2101100
300200000
211000100
111200
101000
400100
10010012
300110000
410
12000011
1003100
100211
12011
2210000
100110011
10220000
110001011
120000011
102110000
140000
1100030
100300001
140
111010001
1001210
30020000
200030000
210000200
40100000
301000100
100000310
110000000
30001010
100000001
12001001
100200101
110021000
20000120
1020110
102020000
1211000
100001201
120010001
200000003
320000
111101000
111002
20101100
1001111
102011
41000000
110100200
100001210
100000031
1100201
300100010
1400
1021001
1110200
101300
20100200
20000201
1040
101201000
10003010
10000004
30000002
111020000
2003
110102000
1200011
1000301
300002000
111020
40001000
30010010
201110000
201110
10100
1100210
301000001
2030
210011
200100020
112010000
12100010
201002000
11210000
10012100
1200200
201000110
100100111
21200000
112000010
10000121
1031000
101210
10100300
111000011
11000
12000200
201000002
11300
41
10010003
10012001
21000002
10101002
2100200
100100
1202000
1021100
1110101
110010200
10003001
111001100
31000010
10002020
101020001
100400000
1013000
101200010
1000130
121010
1010021
210020000
301000010
320
100011011
101000201
310000100
101000000
11010002
102010010
201002
1010111
110000021
10010210
1101101
4001000
110201
30101
2111
111010100
10022000
10202
111001001
200003
110100011
120100001
20002100
102000011
101020010
200102
1100102
110010101
14000000
32
1111100
100010201
211001
10100111
1220
40000001
10002200
10301000
20000102
10011020
101200100
110030000
300000101
100020110
21000020
101002100
100100201
102001010
10011200
202001
100400
100011200
100010102
2200100
101000012
200020001
101010101
10030100
10021010
10013000
10111010
100100012
110021
20111000
10201010
2012000
2010200
100001021
10011110
210000101
202010000
2111000
101030
20001110
10020110
102100010
11200001
20001101
1010210
1012001
300110
201100001
100102100
110010110
11010110
1022000
1000112
12101
30101000
201020000
111002000
13001000
200002010
110110100
10012010
1002110
200000030
103100000
100130000
100301000
2000012
100201001
1210100
100040
20003000
200120000
1100111
110000120
100013
11020001
200020010
100020011
1000031
1001012
101111
10200002
10000010
200102000
111000200
10111100
121100
200111
200100011
1002101
201101000
1010030
100011020
110101100
220001000
31100000
3200000
202000010
101021
10310
20020100
2201000
101001011
100031
12100100
300011000
111200000
1030100
1000310
10000301
10001120
101001002
2110010
200021000
22100000
101011010
20200001
1102010
10100120
200200001
401
2001200
10102010
101010110
12010001
101030000
4010
100110200
11101100
101210000
20201
2000201
201020
101120
200010101
100011101
21100001
2100011
31000100
1201100
1002020
2000021
200111000
301001000
200100200
20
101101001
1001120
10210010
311
22100
12200
10120010
112001
100000112
11210
12020
100010012
212000
20010020
120011
100101110
100022000
14000
111000110
300101000
100010111
121000100
2101010
10300010
210020
102011000
3200
4000001
101001101
110000111
2001110
20002001
1003001
10001000
1020020
20011100
200
11003
112000100
20102000
220100000
200100110
100001012
110101010
200011010
100003010
11001011
202100
2102
11000210
211001000
201010001
12101000
210010001
130010000
100011002
1020011
400100000
200010200
1211
10001102
10011101
1001021
11200100
10112
310000001
31010
110100002
120001001
11000120
10100021
110020010
1102100
310010
130100000
201010100
100010000
1040000
20001011
21100100
100020002
20111
100000010
200110001
400000001
300002
110000012
200120
21001001
3001010
110200100
10200110
2100002
200210
1201001
102010100
201001010
30100010
301001
2001002
100301
210101000
101010200
10002101
110001101
1012010
100200200
20210000
1002200
1210010
110011001
10102100
1300100
11200010
30000110
201011000
100001111
110030
400001
200012
300020000
31010000
120110000
110000201
1000400
100010
200012000
100120100
10000100
11020100
10020200
101012
22010
111110000
100020200
101110001
1121000
30110000
100001102
1010300
10000211
1004
120200000
201000020
102000110
100200011
20021
104000000
110000
122000
1020200
100021001
200001101
101101100
21000011
10200101
1010003
4001
30000101
102200000
100030100
200010110
40000010
10000130
10000022
10101101
300000002
23000
3011
100010210
1000121
112001000
20010110
110010011
110002100
220100
2300000
3000002
100110101
21000101
102101
10100210
11001101
100013000
100110020
101
210101
200001011
10211
1000013
100100102
110011100
2003000
3000011
200300
1200002
1000211
30000011
31100
131
110200001
200110100
20003
10001
100110002
12011000
20000000
30200000
30010100
3020000
11102000
3010001
113000000
201010010
101000120
2002001
102002
11020010
400000100
100220000
1400000
200000201
10021100
20001020
100112
3000200
11100020
111011
10200011
10201100
10004
400010000
101100101
1010
12001100
200200010
100000400
13010000
20000210
13010
100211000
100030001
10103
11100101
122000000
10110020
40010
21101
2001101
100202
110001002
10002110
2100110
2020100
1004000
2000210
1031
100102010
110012000
10030001
3100001
200030
1001300
311000
211000010
11000000
1001000
101000003
201000101
200020100
130010
11111000
21010100
202100000
103000010
110120000
200000120
20201000
1021010
1000220
100210010
120000020
101000111
10211000
11100011
120100100
10020101
21010010
31001
120101000
100100000
11300000
110201000
30110
100101002
1110110
1200101
100000103
1100003
21002
20210
120002000
120000200
102000200
100010030
1121
2021000
1030010
101000021
1103000
3110
100101020
110003
20100101
120010010
10013
11012
100001030
200001020
1000010
2011001
221000000
21200
2120
10001210
11010101
1001102
100120001
10011011
10120001
100100210
200021
10100030
30100001
10001012
10120100
1011011
20300000
21110000
2000300
200200100
201200
102101000
2010011
2001011
1011020
200002001
22000010
21000110
10000202
120011000
102001100
100030010
100002020
101001020
30002000
1111010
2000120
10201001
100001000
1000100
100100120
100100021
302
110100020
20020010
1300001
1201010
100012001
31001000
20100011
110000102
11110010
210100010
10100003
301010000
102000020
201001100
200000012
20100020
20002010
1100021
203
101100002
12000020
21001010
11021
101100110
20200100
10112000
10000103
21001100
20011010
100103
110000030
110111000
100004000
200000210
1110020
11001110
21000200
10000400
3000020
100300010
300100001
200001002
21010001
100000100
200101001
2021
10031000
1101011
220010
210110000
200110010
11110100
11101010
110010020
102200
11000201
210002000
200002100
101100020
120100010
3100010
2000102
202000001
100000004
111011000
10000040
2100101
3001100
201000011
100200020
100002200
30010001
11001020
200000300
200001110
101010020
40010000
2101001
11001002
300100100
10101110
101101010
2010002
211100
10202000
10300100
110110010
22000001
310001000
2030000
201000200
30011
121100000
100101200
103010
100100003
30020
