11200002
100101021
1013010
10020012
4020000
2012100
100001010
10001013
1003200
1111101
1021200
10120011
130000011
100001400
12000210
10011012
2112
1212
21201
21300000
23010
100003020
101110101
112000200
120000021
201101001
22110
30000111
104100000
10200210
11011011
301000110
11013
200010111
300000120
100230
100021002
1102011
230010000
203010000
31000002
110100021
10000221
101040
13101000
20010300
100010310
0
100011300
20000001
311000010
211001010
1000020
210102
1120110
10110
100002201
110004
110031000
101030010
310010001
10000140
2130000
103100010
2030100
1002000
200000121
113001000
312
10001022
2004000
131100
10410000
101000220
31002
21111
300100011
20103000
210100200
200110002
100111110
100001220
30010200
120011010
300011010
114000
101001000
11020200
200001021
111010020
101002002
20100
113100000
300100110
10000200
111010200
101000010
2000004
111200100
2004
120201000
10040100
11001120
22020000
21021000
10101111
14000001
1010031
110021001
301110000
112110000
200004000
111000003
121010010
2400000
101001012
100020102
321000000
300001110
31000011
10131000
30001200
111110010
1012002
10211010
302000010
101100111
20012010
3101100
1020021
20100030
210200001
12201000
211101
2100120
110010000
30110010
21001200
13000020
31101000
101200002
1001040
100100112
1012020
10100220
10010220
20101110
10000311
111010002
111002001
12010020
1021011
30
10020000
10300020
21210000
1320000
1013001
10100400
10100202
230000100
400101000
30000102
11004000
100002003
201100020
20202000
111021000
14000100
40002
41010
103000200
13001100
100001130
11100012
100021200
10104000
30000201
3200010
2000112
310020
200010000
200000220
11020101
112001001
40020000
31000110
10002111
20102010
2003100
102001200
100000032
200001201
1020
3000102
21012
10401000
201030
110040
400100001
31011000
1101201
10300200
100400100
120001002
31020
120100200
200112
23001000
103020
20010021
101111100
1100010
201100101
20000013
100220010
101010003
212010000
100000212
21010020
20010120
11110101
2030001
1000110
210001110
300200100
10102020
10110120
10022001
31011
20010
301001001
30021
121101
4002
11000220
102300000
200111001
110000103
100110021
20021001
210003000
221100000
110010120
10001220
1002111
111200001
20211
10041000
10111020
101112
112002
110012001
100112100
11110002
112002000
101300010
1000311
200400000
200010201
10031100
110020011
120000201
110110020
102001020
12201
310002000
200012100
1101120
20100210
1010013
10210020
20021010
21110100
1020003
101020002
1001004
100010103
40000101
21001002
221000010
10010400
130100001
200040
210210
12010002
10002102
100000230
200101002
202020000
301100001
31100001
10121100
402000
10022010
220001010
400000110
110100120
2001030
100002102
100131000
200001000
12110100
101012010
100104
1012101
201011100
211020000
1020012
210100020
10021110
4100100
200201001
11022
22010001
100200000
100201110
110011101
103110
101130
301000020
1110111
220100001
1040010
400000002
101121000
120011001
202100010
101010201
204000
110103
10210011
411000
12210000
311001
1130010
12001011
21030000
210010020
1300200
10014
100230000
200300001
100111002
111002010
11101101
310000101
411
2120100
3102
200020101
310100010
130001001
1300110
130000200
100200111
20030010
110101011
3110001
1031001
300101010
121011000
20010111
2000400
120012
101101110
13200000
20110200
2020200
100120020
11000010
2120010
10020102
110010300
10020003
120010101
110112000
10001100
2020002
2000022
101000004
200301000
21000000
10021101
21000
21200100
2211000
1000302
2001210
100100310
210102000
10203000
120010020
101201010
1020030
1000200
201000210
300002010
210200010
201201000
110011002
102200010
2200110
201002001
102000021
300000111
1110300
201011001
100040010
111000201
20100021
4110
111200010
10101000
201003
100100220
10311
11002002
300111000
12111000
110301000
103001001
110022
11201001
200030001
100000110
20001000
20000103
230100
20310
301101000
14010000
110002011
10000002
20000004
11000031
10200102
10110021
121000200
10030020
201110001
210001101
2020011
101010102
100102002
320000010
302001000
31000200
21120000
120001011
200210010
110130
210300000
310200000
13010010
10310100
10023000
1014
22100010
310020000
2011011
100002120
1301010
1003101
1401
103101000
300001002
110201010
301020
300000012
200012010
40000011
23000001
21100101
2200101
101000100
1010310
101100003
100111011
20040000
301110
200020002
110300010
213
100000221
212000100
211011
201030000
20002011
110012100
100011021
100002021
410010000
101120100
1030011
110013
301001100
210000201
22200000
30002010
100130100
130011000
103002000
200101020
113000100
112000011
3020001
102010101
100101120
100002111
200000040
1100040
200001120
3
101000013
2102010
300210
3012
3300000
200000100
11013000
10012200
102000102
11001012
21020001
20012001
100203000
23100000
112001010
30000021
110102010
102110100
1011201
100010031
200003010
41010000
1131
111110001
3100110
310101
1100004
210000003
100111020
102021000
100011102
200100021
11120010
1100400
310001100
200110020
110201001
22010010
30200001
21101010
100200021
201000201
130020
110111001
101001300
1012110
300003000
10200300
20112000
101011002
100140
11000040
100003011
201011010
10100103
201000003
30012
2301000
100210101
10311000
10000203
10111101
1300020
101020200
121200
1102020
21111000
110012010
201012000
10110000
101001210
13100001
104010000
3030
3200001
102000120
1011000
20031
1101102
202101000
20110110
300010002
112200000
1000230
101013
40020
10130010
310000110
201000300
2100102
100000410
110030001
2300001
102010011
201000120
410001
301011000
300010020
101004
22100001
220101
11200101
11112
1120101
10110201
111010101
100220001
112020000
3021000
201120
100013010
100020012
11000013
300100101
14100
11010
211010001
100201011
100030200
100000113
110110002
10022100
101101101
11002101
41100000
14100000
1100022
101100102
21
101111001
100000041
40002000
300000210
200110101
140000001
210020010
240000
201000
130000020
203000100
240
20000010
1020300
10201200
220000020
10003020
200020020
10031010
10122000
104000010
1311000
12100020
102000300
11400000
10103100
10210101
300000021
12102000
1011120
100201200
100011
101100210
202200000
100000020
1211001
10000014
10100004
10010301
202001100
3000111
21010011
103000101
1221
10301001
200000400
200400
10301100
3100101
100100121
10012101
111102000
30100002
120020010
230001
111102
101100120
1011021
1200021
3000300
13002000
222000
140000010
1031010
101100012
201010020
100110000
210012000
30000210
21100011
1020111
2000100
231000000
21003000
111300
211000020
200101011
212000010
310010010
1013100
130101000
330
20040
111020010
3120
12
1101003
210111
3102000
3001101
1000140
402000000
21000003
2030010
132000
200100
100131
100001301
210010002
102100200
1400100
1200012
200001210
103011
1101111
101011011
30101100
101301000
100000122
4001100
3100200
100021101
10000410
21011010
10000041
102101010
101101002
210030
20112
1101012
31200000
20001030
10011021
1010001
10200120
3002010
10000122
1021110
200110110
22002000
11201010
103011000
101010000
3100011
2001201
13020
2202
112010010
210011010
10101003
401010000
103001100
100000320
11102010
400020000
220000200
100300101
2112000
3001011
400110
10113
100030020
110002110
200002101
111030
10221000
2011101
100310100
200021100
300012
1020201
1002201
201010110
121110
102100020
2210100
101000310
1000410
3021
110000202
110001021
10011300
41000010
1110120
30030
110003010
101020020
20100102
100001121
40000002
110022000
2100030
102010002
231000
20202
1040001
1110030
210201000
102000030
300000
211101000
100202001
2031
12010110
310011000
310000011
1100202
20000301
101100
200200200
100014000
111000
210001200
4000101
201000102
400002000
300201000
1111020
110100
10000212
4000002
1000104
100130001
300000000
100000302
100000200
20004000
10100301
21001101
21000021
202001010
200112000
200111100
11112000
10000401
21101100
3010020
1004010
202110000
100200003
3101001
10013010
110101101
101200110
400020
203001
10032
20004
122010000
110000112
11010021
10003101
102002100
2010210
300102
300000003
10320000
300021000
114
11111100
12003000
30101010
20001003
211110000
400100010
320001
100002
122010
210021
20120100
321000
100101030
20200200
110000310
110101200
103100100
101000022
230100000
400001100
21002010
100003200
22010100
20100300
101001003
2000040
2101101
30011100
103000020
11120001
1100121
100201020
22101
31001100
110121000
1401000
102100101
220200
100101012
100211100
100001310
10200201
10020021
21100020
21100110
11101020
10021002
301001010
311000100
110111010
110010102
2111001
10200030
10002300
101013000
120000210
200001
300020100
30111
40011000
22000101
20020011
12000201
120300000
302100000
30001002
2012001
31110000
100011120
201210
10100040
1010022
310110000
210002010
101300100
2201100
201020010
100100400
22011
100010004
33000
30011010
10001301
201120000
300002001
100001040
10300110
200100012
10121001
220010100
301200000
110001300
2013000
100310010
220002
200011020
40010100
20130000
120010200
2121
110121
102000000
32100000
21010110
102020010
2002020
310001010
100212000
200300100
4001010
3110010
101000001
101121
320010000
30111000
110004000
210011001
2010300
1111011
1000221
100130010
300100020
100022100
301101
121011
102110010
2010
1023
1121001
400010001
300001020
4000020
2010201
1010004
202002000
20020020
120000120
101101020
10410
300300
100110003
12001110
210001020
1300002
200010012
30030000
211100001
101000103
100210020
221100
1400010
21120
140001
303000
200010003
110010021
201200100
100010202
21002001
410000010
10001400
13001010
20100003
1030002
100140000
21000300
122100
210001011
10001310
10000023
1130001
103000110
100101000
11021100
10111011
200102001
111201
10041
120
132000000
21010200
10100130
1220001
12003
111110100
32001000
112000002
20100111
1203
11001030
300000030
3300
102200001
1122000
100200201
231
20010030
1200003
20010000
1030101
2110101
202200
11021010
120000003
200200110
1110102
1000212
100112001
20000400
1200111
21021
10001004
201000111
100300002
100301100
110100111
2011110
101002110
113010
120000300
103020000
201021
100030002
1210020
12210
100400001
200100210
20103
122001
320100000
100200300
200100120
1010040
20301000
13100010
22002
10212
200001102
20101101
100001100
31002000
131000001
110021010
20000031
2101200
30000030
311100000
110220
11301
2010012
100012011
1101
121001010
20000040
40100001
21010002
1101300
100311
200310000
100302000
21000120
11001003
10110102
101210100
101030001
100100031
100300110
110030100
210110001
4100001
32001
10201020
2210001
20210100
310001001
20020101
20002200
120000012
1203000
101002200
40110
201102000
111000111
10100022
100020210
100010010
20011020
20000121
101200011
1102110
11030100
121020
30003
110000013
111001200
100001001
211100010
310100001
40101000
30010110
101022000
11300010
3000000
100003101
101021001
121000110
10030101
110000022
1200030
3110100
10201011
100020000
20200110
10002000
102100002
140010
400010100
11101110
1201110
2040
13000110
120110001
2121000
100201002
114000000
13010100
12100011
210000
20013
100010121
1121010
1103001
110130000
110102100
1122
11100003
20003001
21010101
130110
410000100
110103000
301010010
11120100
1000320
200301
10102002
21000201
210000000
102000111
10001103
101102010
401100
10200
100002012
102201
1140
2220000
11021001
30102000
120001200
20101011
101001030
12100002
1210110
201000000
12000300
10100100
23100
100010013
20100000
11010300
120110010
110001102
10102110
212010
203001000
100102110
100101
200010021
1100220
10220100
301000101
20200011
110101110
22200
111
20101200
101101200
2001102
200100030
300011001
20210001
1000011
310002
122000100
22101000
20400000
120020001
111001101
10202100
130000110
102120000
10010004
10002030
100121001
11040000
210010011
1030110
301011
100100010
1010112
201021000
212001000
21020100
20001201
4010100
100041
12120
2211
131010000
30020100
11100120
2000103
120300
120003
111002100
12110010
10101120
11100030
4101000
110200101
4000110
202011
11102100
1020210
200100300
22001010
1212000
203100
2100012
201110010
30100110
210010110
12000
1302
401000100
10230000
211010100
110120100
110110110
1002021
310000002
101211000
302010
11000022
110111100
21011001
22110000
13011000
101030100
100203
10010031
200103000
100113000
200110200
110210100
11010003
3001200
200003100
100000002
3012000
101000112
300120
400000101
141000
110000400
210003
11201100
141000000
120100011
21011100
10300011
21100002
3101010
11300001
1021101
300030
311000001
10013001
121002000
103010001
4010010
20010012
300200010
100030110
20022
1100310
30000000
12100110
100010100
30011001
21102
221001
100031100
11211000
40000020
22000020
110201100
110021100
2002011
12011001
100101300
200000004
10300101
2300010
11020002
221010000
300012000
11001201
210000102
4000011
10002201
411000000
100003002
110011200
301200
21001020
211002000
31000020
110000301
110001003
20000130
100001013
201100011
1301100
11020110
100031010
211100100
120010002
23001
202010100
101110002
10000230
12030
111210000
10032000
110211000
122000001
30201000
20111001
2200002
1000041
320000001
300000102
1002012
100010001
20120001
30002001
10010100
101001111
100010130
100001103
10200000
4200000
3010101
101003010
101001102
101220
100300020
111100200
20220
1112010
11022000
401100000
100221000
200000022
110040000
202000002
101110200
210100110
10020030
101021010
2101011
11001300
110112
300001200
1113
110001210
10104
2310
101301
10211001
30001110
101100300
1000032
401010
100000401
12030000
10310001
301020000
11130
22011000
12000111
210200100
1130100
11030001
12020100
300120000
212000001
20220000
20110011
11000130
101100201
1201200
1201002
100021110
101010300
111101010
30100101
20000100
200001012
111100110
12100101
230010
11210010
10100121
11000004
220011000
120102000
31100100
31010001
2021010
12101100
11003100
312000000
100013100
200000301
112011
21003
420
3000003
2011200
102300
100011201
3000120
31010010
1004100
100201101
1201020
111012000
20000220
111012
1201101
2021001
200010030
102101100
1220100
100010301
100000131
201020100
12300000
100211001
210101001
1012200
21300
201003000
100000023
11000121
1200120
1120002
121002
20000310
1200300
201020001
101000400
102021
200011101
201100110
11100300
100011210
10000020
10111002
1310010
2102001
130002000
30000
100103010
302001
10201002
102020100
310110
102000012
111000120
222000000
10112010
11100000
10030011
30002100
10002003
111010011
1011300
300102000
200002020
10120002
30120
20001
111011100
21110001
10011030
102000210
101101011
21002100
20100201
300001011
21110010
13020000
1040100
101102100
100031001
101120001
300001101
300110010
200000031
10301010
1014000
10101021
30000003
200000310
10012002
210012
30120000
3100002
11200110
21030
11040
12001020
13000200
10004100
201010011
120012000
100100202
303000000
110100030
111001011
200010210
112011000
211011000
40200000
110110101
1100001
300
100011030
10211100
11011110
2000310
10230
1101210
10031001
200002011
100110300
200003001
200101101
1110021
121001001
102000003
1410000
30010002
110010111
104010
200220
110001
2010021
230001000
110020200
110310
1001400
2022
202101
100100040
21210
11011002
2120001
210000300
3001110
102012000
20121
12021
12000021
100000104
2300100
4011000
101300001
101002020
1001211
110200002
110020101
10100031
202000110
100030101
100100022
102120
1022010
3002100
11000211
111000012
103000002
22000110
12010101
10202010
100400010
31101
110000031
101011200
2101020
1112100
11011101
11000112
400010010
10030110
14000010
120111
11012001
1200201
300100200
11010111
10212000
100221
200100000
200121000
100401000
200101200
120010011
210010101
10011102
1000113
123000
24000
100110111
100000101
201
20130
1041
100012020
11031000
11002011
10110012
400011
1310001
100100301
100020030
121100100
12012
120201
200200101
120110100
11211
1101030
100310001
30210
1102002
220020000
210110100
220010001
200021001
11020020
23000010
110020002
2101002
200031
10120101
111001020
1021002
110100003
1002030
10000032
2002110
201300000
100002210
20201001
10112100
201111
4010001
2201001
320001000
10000131
21000030
120000030
203100000
110101002
1210011
103110000
10001040
101100030
20003010
10210200
101310000
200040000
110001120
101010021
302010000
102003000
200200002
100002030
1002003
2400
100001004
101012001
301002000
201001110
1410
30110100
20020110
401001
30000300
100320000
20001300
210002100
10000320
103200
10100211
212001
121020000
120120000
101021100
12000030
1301001
201111000
201100200
102011001
32100
1032
11100201
110001000
20102100
10013100
10101030
2310000
10203
111011001
200013000
300010110
3200100
3020010
2000130
200031000
100121100
21000111
110200200
130200
11121
12110001
10310010
111300000
111100002
11010012
3201000
101210010
12300
1220010
100011000
20002020
11012100
132
100200120
110120001
102010200
21200010
20102001
111201000
13110000
120002100
30001011
2102100
201300
100110102
200200020
200011002
101211
100020120
13000101
111020001
2001
401001000
110400000
1011030
10101
10002021
220200000
220000011
202011000
200020011
200000130
110100300
111011010
112020
120011100
300011100
110100012
110010012
120020100
210001002
40100010
201101010
101220000
120101100
10002120
3100020
300201
40011
12101001
123000000
100001112
10012020
130010001
210201
204
1010202
1201011
1101021
12001002
120100110
300021
110002200
121100010
10221
101202
11001102
10201101
31110
121000020
100110012
31001001
20000022
110010201
2040000
101011101
100000011
20121000
100012002
1002102
200220000
201110100
3020100
201002010
2001111
4100010
120000
11220
3000
112101000
220110
200202
13200
40010010
120200001
30020001
101110020
30100200
20002110
210110010
2101110
10002
204000000
200202000
21000102
130101
103101
10020201
40001100
2110011
1000131
31200
100021011
1004001
41000001
2000202
400200
10101210
300030000
30000120
301010001
20002101
100211010
10200021
303
111000030
11110020
100300200
200011200
41001000
20012100
10000302
1300101
202001001
310011
200020110
20300010
1104
100202010
11003010
201010101
20002002
121010001
201001011
2000301
4200
212100000
101010111
112010001
11001
1113000
202100001
10101201
120010110
1010220
12120000
12200001
10302000
120002001
2000031
110211
100110
100010040
410100000
200020200
110000004
2010000
32010000
20201100
112000101
20300100
12100200
12000120
200001003
100004010
101000202
2001012
11202
10110210
100030011
1110
21201000
100020
11100021
12020010
10004001
1200210
100000140
20011002
2100021
131000010
101010
10103001
220101000
201210000
1000014
10101012
10010310
10010010
240000000
222
10012110
201012
100040001
102
101001
400000011
110002101
11031
10220010
121000002
20020200
200004
100020021
100001202
200000103
300110001
210010200
3210000
2011002
100100001
11100102
101022
11103
32000001
10020120
110220000
3002001
41001
11000310
130110000
111120000
1010400
2000013
2111010
102210
42000
21000210
33000000
200010120
11400
112000110
120200010
111101001
12001101
210011100
200030010
11001021
310000020
130001100
10001121
1010103
10210002
102012
120030000
110000130
230000010
110000040
102100011
40200
12111
11000400
220000101
120100002
11110110
13110
10010040
200000013
31100010
200101110
110310000
10110003
2110002
100120200
1100031
120000000
103001010
1003011
101000031
32010
11000100
111021
2100201
101111010
10030002
102002001
11001000
401000001
20003100
40000110
30200010
110010
200000001
200102010
111100011
20000112
11003001
203000010
200002110
110030010
400200000
121001100
300010101
201101100
10020300
101000121
1010301
10010013
300200001
200011110
100110201
300100002
2200200
113010000
210000120
110110011
10001010
330000
101103000
10004010
101001201
10400100
4011
11210001
12020001
103010100
300010200
100012101
1311
110031
40001001
200110011
1230000
101002101
101310
131100000
210002001
11010030
101200101
112100100
1010100
1012011
21000012
110010030
40100100
20030001
101010012
111001110
11100
10011201
100401
100004001
311010000
300003
2001120
1110201
300210000
110200011
1110000
112010100
20013000
1041000
200310
1103010
210120000
200021010
102101001
110101020
3000021
100001211
210000021
11111010
1001022
210111000
100311000
20110101
10023
102102
12002001
111111
30020010
13000002
10014000
102011010
2012010
1001031
100032000
40110000
101011020
1011111
100200102
10020210
20001102
20010201
12011100
30210000
20011011
2200011
1011210
100032
200201010
100010400
1100112
21100200
102102000
11300100
410000001
200002002
112001100
20001120
2110200
321
111000102
1020102
220110000
111101100
120100101
10020111
111000210
130010100
211000011
1000101
100210011
1020120
20011101
3000012
10003011
110000100
1030200
3000210
200100201
101103
102011100
111111000
10401
20120010
2020101
2002200
1112001
10012011
100301010
110011020
10001112
24
31001010
20111010
101130000
100002000
101000211
200210001
10120110
20100120
120003000
301000002
20031000
20001012
101200020
301002
100302
40010001
300101100
300002100
2220
110202000
20110002
102110001
100120110
10102101
111000000
211001100
21012000
103100001
201001002
1000203
220011
1202100
100000014
22000011
100003110
100101111
2003010
202020
200100102
100110210
102030000
300110100
10010022
120001020
100100004
101102001
1010121
200000211
100101003
201000021
1001220
200121
10040001
111100101
10011003
102201000
1111002
100100100
2013
12102
110301
310100100
10111200
120000102
104000001
100210110
100200
11002200
100001022
30300000
110200110
104001000
2100000
100202100
402
1021020
21200001
3000030
11100111
104000100
101200200
102100110
10400010
200001030
110000220
210100011
120210000
20021100
110001201
200120001
20301
200100003
200210100
201102
11000301
202000011
2201010
100041000
100013001
1211100
101001021
140100
10040010
200300010
210020001
110100201
4000200
103002
2002101
102003
100410
11101002
1010010
210000030
20022000
3010200
101020011
1003020
101010210
130002
100320
320000100
30100011
40001010
10010103
1001130
101201001
200211000
140000100
2011020
104001
10021011
101110110
20011110
201000012
1010211
210300
20400
3210
200200011
30110001
10003200
110000121
111020100
2100300
3001002
2110020
101040000
20201010
12000012
202110
101400
20010003
110020110
210000210
111010110
3010002
1001103
400001001
120100020
40101
111000021
11310000
101000130
1011102
130020000
21001110
110002020
10101300
2010030
102002010
400002
200120010
3003
120021000
210101010
100301001
120000111
202000020
100122000
200011011
20111100
1001310
11202000
10002012
202000101
122100000
1302000
112100010
312000
11011200
400110000
30010011
11000202
110202
1110012
100300011
202002
201001200
11200020
1120020
120210
301100010
20000202
301000011
201010200
111003
200010102
20200101
10010130
300300000
210000111
100122
30201
1102200
10102011
11220000
2002002
110000211
101001120
1210002
10101102
420000000
100000311
1210200
100100013
100110120
10202001
1031100
200130
200001300
10111110
101031000
22001001
130200000
301010100
10001130
2100003
100121010
100014
310010100
10201110
201200001
101201100
400101
211002
100010022
12200100
22000002
110200020
100120011
100100130
200012001
10120200
11100210
20300001
210020100
30300
2020020
101100000
113000001
120002010
10010211
2010111
2001021
220001100
300101001
110100210
131010
100102200
112100001
11001111
101010030
3010011
110120010
1011012
12011010
41100
40000200
2000010
10102200
11102001
1001202
300020010
30200100
210101100
221000001
220100010
120111000
200002200
20211000
30012000
30001101
3010110
2010120
10130100
3003000
141
13010001
2103000
1002300
13101
131001
12012000
1100130
300020001
121010100
12002100
20310000
110300100
10030200
100020201
11030010
302000001
3111000
21102000
101004000
210120
12010011
200130000
33
110100000
110000010
20010102
2202000
1400001
113001
310101000
100111200
1001112
1101000
102111
11010120
30101001
3000201
12000003
2001003
420000
101120010
10100310
20210010
300111
112110
131000100
121000011
110110200
4002000
103010010
3001020
302000100
111000300
100102011
2000211
100120101
111120
3011100
22001100
2001300
1011003
1001121
102000
2100
110102001
200000010
100111101
120001101
20001210
10110111
102001002
11210100
11010201
30003000
301100100
12002010
12021000
121100001
3011010
2200020
102010020
2003001
1104000
1010130
4101
41000100
10011210
10200003
20200002
10000113
110011011
14001000
104100
213000000
103200000
10001202
1011
1202010
110300001
11110200
101020110
11200011
1120011
10100001
300000201
201100002
30001020
3011001
220020
100120002
10011
301000200
130010010
211010010
102200100
101003001
101000040
302100
111210
400000020
31000101
2301
10140
1230
1000122
211200
100020111
101003100
100020300
100000203
14010
100011012
211200000
200022000
210100101
102010110
10010121
410001000
1110003
100103100
101210001
120001110
320010
200022
1102101
130000002
100100211
30010101
10130001
2130
4001001
1022001
101112000
200120100
140010000
20020002
20101002
11110011
2000220
13100100
100410000
200102100
311010
200103
4020
11000103
1100211
13001001
1001013
213000
201200010
1023000
2021100
12101010
130011
100101210
300000300
200000202
22100100
1100013
100040100
30000012
20030100
102020001
101012100
101002011
12000102
42000000
121000101
311001000
20000211
1000002
11001210
113000010
130100010
201001101
100022001
11000001
100004100
1003110
300010011
203010
101100021
4110000
102001110
102001011
22020
311100
31020000
100010220
11310
220001001
10003110
221000100
31010100
30100020
1022100
200211
11004
203000001
100104000
1211010
211000200
101110011
32000100
120200100
10000011
100220100
100023
100200012
230000001
101011110
1320
10210110
1210101
12010200
10001031
100011003
200013
211110
12200010
10010202
11130000
3111
100112010
110000001
10000101
1001100
1002120
11200200
100023000
111003000
10010001
1120200
1103100
21020010
210210000
10100010
20101020
2031000
100021020
200201100
10200111
20011200
10110030
10002210
20010210
110010210
2001000
102111000
110001030
11002110
120102
120030
30102
3201
100001031
32000010
121101000
30021000
110001012
2103
140100000
210100002
2022000
21101001
23010000
23000100
123
20110020
2110110
200030100
1121100
110003100
2000121
100102101
112101
400000200
200010300
20100012
210
1100103
1000023
1200
110001111
201001020
102030
13002
10302
220000110
12000000
110013000
210000012
10021200
410100
11002020
211001001
310000200
400011000
1202001
11301000
100113
11010102
1221000
1310100
1200000
101020101
11101200
1100100
11012010
2100210
201000030
111100020
10001211
1300011
10020
20200020
110003001
2111100
2020110
10103010
101031
100200030
200100111
10200012
101202000
100210002
22000200
130100100
212100
330000000
211000002
10000110
120021
24000000
10110300
100101201
11111001
11010210
12001200
10112001
1000401
113100
10011120
102001101
110210001
1001301
100011111
110020020
20001111
1111200
320100
100212
401000010
110010003
30010020
3030000
13000011
202100100
10131
42
110210010
120120
122000010
10011111
10300002
220010010
11011020
130001010
100010211
11121000
1030020
10400001
111001002
201010002
10140000
131001000
220000002
111030000
202010001
1001010
10120020
11020011
200001111
2100111
210021000
100100103
410010
2210010
10100112
1001001
400100100
122001000
221010
100022010
10220001
211000110
221001000
112000020
20001021
1020000
10121010
14001
10021020
200000112
140001000
10011000
201002100
100200210
1002
21001011
400001010
110002002
1003002
211020
1140000
2010003
1111110
220100100
101010120
200010
100101102
201201
220002000
11103000
100002300
100012110
120101001
110100102
210030000
202000200
110011110
10000104
1131000
102000201
310200
100210200
121110000
100020003
10122
1002210
100102020
100010112
10100013
200111010
102210000
11101011
121200000
10113000
2000001
10320
1110210
10001001
100110030
101000301
11010000
3120000
100103001
130000101
120101010
202010010
110400
13011
1100301
100012200
1032000
112200
101400000
2010102
10003002
10010112
1200102
103000011
211000101
