10000030
40
1012
2001001
10001200
100300000
30001000
110010100
101000002
20101
10100101
20001100
110001010
202000
10201000
2010001
10
40000000
21010000
100000210
101011
10011010
200020000
100000021
1010101
100201
200100100
4000
3010
1100011
1100101
1020010
100030
301
101020
1010110
100020010
11000110
100030000
100111000
100003
10002010
20002000
10010020
10000102
10012
110000101
100100020
11200000
100110010
10000120
211000000
120000001
1200100
100110100
10101010
11010010
100000003
102100000
1210000
11110
2110
10030000
20002
100001011
10100002
12000010
10010101
21100000
201100000
101000110
100110001
20001001
1000120
100000111
3100000
10110100
1020001
121000000
3000100
1011100
100300
1011001
100210
202000000
210010000
11110000
1000030
10030
1100020
10010002
21001
101000011
202
100000201
101100100
10001101
100101100
10001020
200000020
100210000
100002010
110020
10000111
2000020
100201000
11002000
200001001
1101010
120001000
100100002
100020001
101010010
121
10001002
1010011
1002010
200200000
200101000
200000110
101002000
201010
101002
1000012
10200100
20010010
300100000
1111
112
11001100
10210
1021
1000201
110020000
201010000
111000001
10210000
110010010
101000200
1120
1102
11011000
2100010
210000100
20010100
2001010
220000
100100200
100101001
121000
111010
21000001
200110000
101001100
200110
103
11100010
110100001
20020000
10111
111100000
12010
200011000
20000110
20001010
200000011
200010001
11000011
1300000
1102000
31
10201
11020000
21001000
11001001
200000002
111100
40000
3100
1200001
30010
100010101
1001020
200000200
3001000
12100
101001001
300001000
210100
100100011
110001001
100000000
30000001
1000300
101000020
310000
22000000
101020000
100021000
100000030
10101100
10001011
101110000
102000010
2000002
101000101
100010200
10101001
210001000
100102000
1012000
1010020
201001
100000300
200100010
12001
20000002
200101
30001
2200
10011100
201100
10120000
100002100
11101
2020000
111000100
1101100
110110000
1000003
3000001
1111000
1003
2100100
11101000
11200
100000012
111001
11000101
3010000
1210
1101001
1030000
211000
10120
1001200
210001
30100000
110101000
201000100
100200001
10300
12010000
300000001
20000101
10102000
110002
20010001
10300000
110000002
200001010
2101000
101001010
1100110
2000200
300010
400
13
10021000
102001000
200010010
1011010
112000000
200001100
200100001
20011
10100011
12001000
100021
130000000
20000020
4
1000111
10003
10001110
12000100
101200000
102010
10200010
2100001
1000210
400000
10002001
11010100
110110
100003000
120000010
2002000
2011
10010011
1001011
20020
1120000
10100020
11011
20100010
200020
1100200
101200
211
1110001
1000021
2020
111000010
100011001
21000010
10020001
20110000
10111000
110000011
11000020
10000012
100120
2000011
300100
10000021
100001110
4000000
100100101
10000
20100100
100011100
30100
110200
10002100
120100000
20101000
2200000
102000001
13000
301000000
200010100
2010100
1010200
120010
200200
10000210
2010010
210010
31000000
210000001
110011000
101010001
22
101100001
110002000
201000010
101011000
200002
20110
2101
10100110
3000010
100120000
21100
120010000
201001000
100001002
120100
1201
11100100
10020100
10003000
2011000
100000
1000
100020100
10110010
100200010
200011
110100100
110011
1003000
10102
10200001
10010200
100012
12100000
103000
100010002
100000120
110100010
1200010
300001
1001101
10021
20200000
100012000
310
11100001
10110001
12000001
220000000
110000110
20000011
100002001
100
102100
1100002
1020100
1000000
130000
100100110
111001000
100001101
100000102
110101
110200000
101101000
2000101
100011010
1110100
21000100
11000200
1010002
1002001
210100000
210000010
201000001
100200100
1001002
200000101
220
11000002
110010001
400000000
1300
1002100
20000200
2110000
130
11020
310000000
2001100
100001020
300010000
30000010
300000010
100001200
100102
22000
11001010
10012000
3001
20011000
1001110
120001
100111
112000
1201000
200002000
300000100
20200
10100200
10000201
110000020
101110
100101010
1021000
10011001
11002
13000000
10000300
10000003
110001100
100010011
31000
120000100
102010000
301000
10020010
101010100
21010
100010110
1030
101101
10000000
103000000
102000100
101100010
11010001
30000100
111010000
2000110
20100001
110000200
2002
1110010
100010020
10010110
102001
1000102
30010000
1
