111011430
322230000
300022230
300000114
33000300
1412220
11130330
112113000
300114003
3411111
3003300
4113000
114001410
222000000
300341100
33022200
31411110
14401110
111411030
111011322
300411000
41100114
144003
112110114
11102223
111300111
411300000
30304110
3330003
3014400
1410003
411300
111030330
3111
303000111
300033300
44111100
141111030
4221030
11211300
112221111
111111300
12211410
300331110
300311400
412410000
33330000
30000030
414000111
301440000
30114000
2220030
3030030
33033
233130000
300000000
303030000
300003330
311211111
114030300
222000222
22202220
123321
223410000
222001113
33001140
30301140
30014103
341100
303141
300012213
330300
12210141
222030003
300042210
300303
411033
111033111
1140303
1140111
414001110
311103003
323310000
33000033
3013320
44103000
30001110
122403000
1110411
122101113
11111100
414111000
300112110
141000030
31221111
14111100
411303
222300003
33
300041130
34111110
30122211
4140000
4221000
12214110
300034110
4113111
114000000
1410141
123240
330003300
411222000
3441
12210411
1232103
3003141
114001221
11411100
322311
111113220
331221000
34110030
144030
112132200
302220003
301224
111122130
2220114
1122210
330001110
30312210
303031110
300011100
30330111
3041100
1222140
441030000
300300330
141300300
141000000
11214300
111122211
1413300
11403111
11400141
31224
12243
1140003
33003003
111302220
4410
111112410
303030111
314100003
34110300
11400003
111300000
2220303
331110300
303001140
30141030
141030111
330141
113221110
3003030
111330003
311403
111031113
1113300
303300300
14133000
2442
311430
111011130
2331030
111001110
22311111
301121103
411000000
3023310
1140000
114003
330000003
41100330
14101140
3111222
112140300
301110030
114003300
2223300
12221400
11100141
3112113
422130
122400000
330300003
411411000
30003330
30003114
114011103
22201113
22211211
300222300
311111100
301221
12211113
111233100
222001410
224220000
124320000
441000000
141000303
114001113
303030
41241
30301221
141011211
33000
22230300
11241111
411030003
33300
223113
141303000
1140114
12321030
11114103
222000033
301143000
301141110
322200111
30001224
111304110
111014211
222011103
112224
302231100
33031110
31121100
1441110
111003303
411000003
3003303
11214111
112110033
222022200
300013320
3303003
11130114
111003000
302223000
411000030
30022200
331221
223111110
330303000
30030141
141003300
31440
111030111
112111113
411033000
30011322
3001143
112440000
313320
31224000
41100222
114031110
311130003
300111030
311100000
30322200
31140000
441111
122103030
11322111
33411000
41400300
30003000
1410033
11241003
1233210
413220000
141033000
114111111
330222
11101413
311211003
411111111
30300000
411111
1422210
1411110
3303
300311103
411030030
33000000
4413000
14222100
300002223
111411111
111111330
222301110
441
133311000
330300000
30001332
14130300
11441100
11431110
341111100
33222
111011211
41130111
411114
3144
303011400
414000000
301410300
311401110
411001410
4410000
1144110
11130111
300030141
301332000
33011400
41111211
3311400
1121100
30000003
31110114
303300
11103030
122100141
2220411
44100000
3011100
122241000
11141100
222011400
1332300
303141000
33111300
3003114
14103111
111300114
14400030
22200411
122130
411004110
311100141
411000222
311101110
30000033
300000
311211
300311211
33300003
31221300
114004110
4110111
11211003
122112210
422130000
312210003
4410003
3112110
2234100
12213111
222011211
300030300
311111130
301111221
142110111
30003
11401113
30411
1121430
301221300
312321000
141000111
3141300
3111330
111111114
300222003
30000333
30011133
341211
3222
2331300
304110000
141003111
3301221
11430003
11400411
124320
30003411
3111303
330033
111014100
111001224
1141221
3300
111000333
413220
11133000
112140
300141111
300111141
44100030
33111111
114000033
141004110
30011130
133230000
1332003
22201110
300111003
31140300
3301113
233400000
3333
300041400
114033
112110111
2220000
311141100
301110141
3333000
1440300
111414
133200030
111011100
330041100
301113111
33311100
14241000
1143003
422400
302220
111111411
304110003
300302220
30003111
41211000
30000222
1224
112232100
1111221
300141000
311322000
111030303
111031410
233100111
33141000
11130222
111114030
1221300
3001410
3002223
112411110
114300
111000030
144000030
111414000
422100
141000411
4124100
411330
330000141
300014130
411012210
144030000
30030030
441001110
11401140
34410
122400
1132230
1112223
1110114
341100000
11412210
300111
111114111
1224000
303300030
311211030
33030000
304410
2223111
111303
300003411
33112110
30023310
30002331
14104110
112111410
300003300
33001410
30303003
30011400
4112220
300301410
30034110
14400000
3034110
2220
330300300
30030330
3011211
301413
34140
303001410
114000003
111303300
300000333
300111303
30003300
300144
11100003
311400111
30042210
3303000
3031410
111142110
114114
111004221
11133
330111
111030411
30144
111441
1332030
114300111
3000303
302223
422211
1140411
300001221
144000300
30311211
31143000
3000330
112140111
233211000
300414000
312211110
31140030
41322000
114011400
412111110
31121103
112410000
111112140
22200000
33011103
30033300
41100000
111001221
112111221
303301110
411311100
322311000
141003003
42221100
11111103
122212110
330000114
303003300
311122200
3031113
233103000
1113003
1413
113220300
300300222
31113000
31110030
3011133
30111
13320030
222000114
111022311
314100000
301413000
330114
111300411
41400
1111332
30022230
142221000
334110
44100
112110030
22211400
23310030
30111000
3303030
3003330
14111103
11400330
111141300
41103
301112220
300000111
30031410
31110330
141011103
412113000
33303000
33003300
304221
111012321
34113000
300011430
33041100
331140
1110
330122100
30031113
1421100
22200330
2342100
111222030
11322030
300141003
30301113
30000
3141
222000030
141012210
122103300
111003114
301121211
41211
311100411
30030114
32223000
31110000
14403
331113000
411011211
33000141
3311103
114300000
331113
314100300
411030111
411112110
31221030
441030
122403
111001410
111111030
303222000
30414000
141300030
3122100
11104221
23311110
4122210
11101410
222003
411030
111422100
111000000
330301110
330000030
41400030
30000303
114001110
300411111
30000300
222141000
1332111
142221
1121322
30303000
4121400
4121100
111144000
1140330
2220141
330011100
412121100
30003303
30012210
3004110
300033003
301140003
133230
3300033
111311130
111330300
111301140
111001332
311100003
141003030
3141111
3031221
4114110
1111110
111000111
300003111
34410000
30041103
412110
141
411001140
11134110
2221410
112143
234210
441300000
30300222
30114003
111023310
300001413
3330030
111003003
330011211
141000033
141003
300411030
41211111
3314100
142410
111222300
4140030
412410
222300030
330222000
414000300
300311100
42210030
3030411
311100
11131113
123213000
111000303
222030
111122103
411303000
31410030
114003003
3111033
1141410
11111214
112111110
22312110
23340
314211000
33300300
141300000
41131110
1140141
1221033
301110330
411000111
3003003
303330
122411100
3141030
3004140
114000330
303014100
300300003
411003030
3033030
3144000
11404110
301140
31410
134310000
11112210
1110111
3030033
1421400
31140
111000144
111011241
300301113
41100003
111031140
312321
13320000
11122200
330030111
303041100
303001110
30222000
322203
114030111
114014100
301410
303030300
311214000
411000411
42210000
3030003
32223
11131221
11101143
141030300
22200003
13431000
300112140
32220000
1141113
33300030
1121241
111111111
11102331
11114100
2231130
11100
3014103
1424100
111033300
222030030
1113303
330001140
300122400
300222030
31143
22200303
3111411
222033000
11111400
333000003
341100111
144011100
30311400
3300111
11111130
23310000
3011322
1440
23310003
12210000
33300000
30411000
30000411
3222111
303111000
411301110
311411100
30300303
141000114
41322
112121100
303003111
300304110
312210030
302220111
314211
314111100
411031110
122100303
23421000
22212210
33111030
3001140
111303030
111041400
3414
14133
112121400
330012210
141002220
4140300
441003
411141
112141110
1133310
30011430
30111411
114011211
11241300
12222210
1411410
11100303
11101332
300333000
311103111
300111330
30000144
3111141
122101221
11233200
33000003
41400003
4410030
114030000
441300
1221111
303000330
30004110
412140
142110
11103330
330000111
111330
1221114
330001410
414300000
3300411
1413111
111030300
2334
223221
44130000
31113030
311322
32331
4110
4221111
333003
112221030
11133030
112140003
222111030
330111000
114000303
4111410
14100222
333300
41100300
4224
222303
304221000
300301140
411000330
30300033
31113300
123321000
1221000
1222113
300000030
141000003
30111111
3302220
3022203
300223110
33000330
4110003
1410
12210
331110003
30033003
14130030
122100114
11102220
341130000
3030222
33303
1224111
2231211
301121130
14100411
133201110
12321000
11122311
303111003
3441000
222011130
311111211
300001110
11104140
122211003
1113111
14100
11101110
322200003
144300000
30111114
141030
111014130
2442000
112410030
12210114
111111222
3300003
3114030
3001224
111303111
300033
31110141
141022200
41212110
113331
22311
301110003
312210111
300002220
33000030
222111300
112140000
12321
111003
330114000
301110222
30033000
11130300
1122240
300000411
30311100
323310
444
31410300
30030111
414111
112113300
111003111
111111303
304111110
301421100
44101110
4113003
11131110
300030222
311212110
144000003
11133003
12432000
41101410
41101110
122400111
3
111222
301110300
12224100
12240000
311400300
311103300
30303111
4121103
111303000
303033000
3011103
122100003
1121103
2242200
141141
111000411
11212140
433200000
34140000
31113003
11130303
111141030
11123310
330014100
303011130
314101110
30222300
111030222
333001110
331140000
141330000
3000141
311241
3223110
11403300
22200300
303001113
300000144
30000000
30122103
141112110
11113320
11112321
322201110
30000141
32221110
111330000
12213003
11211222
114122100
11400000
11130030
111004140
12324
3233100
111144
11130003
222033
303000114
300301221
33122100
3303300
111030033
11141211
30
122100030
411003000
411122100
30112110
4143000
333030
123210111
11211411
12212220
12432
1222110
300311130
300000003
141041100
3012240
123211110
113223000
22214100
11212110
300303003
11130033
113220000
1132200
300123210
3003000
4110330
12321300
4411110
3000222
33003
1113033
11100414
41114100
31110222
33411
111022203
300112410
141141000
31122210
30133200
3113220
3033111
111022230
300031221
300000414
412110003
422100111
142140000
11103000
300030030
300122103
122401110
43320
11114400
22211130
222002220
2331
222141
330011130
41111400
4110141
111300003
33030
422211000
300114
112112220
112110
22211100
330003003
303011103
30300003
111411000
113220003
111002220
300031113
301114110
32220030
3003
111001140
3304110
11433000
303000222
311100300
412110111
30111300
30111222
233100300
32220111
114011100
301113
111041103
11430
300023310
114000111
11131140
11100114
14100030
22201221
111000
330330000
331121100
112410111
311400030
322200030
141000141
114114000
314130
311430000
314103
2331003
12213300
11222103
300041211
300003303
4110114
11401110
301110
30144000
11214000
30111003
311214
111001113
300001143
313320000
300133200
30411300
30111330
222030000
11103222
122211300
422111100
30041100
41103300
3030141
341400
112121211
222114000
111002331
11100222
3222300
14100114
4121211
1141140
31221
300014211
41401110
11111403
22203
42213000
22241100
1343100
303000411
311101410
300111411
33111000
30411111
11211
122400300
300222
111041211
112121103
1232100
331110111
222031110
122100
3300030
114000411
42321
3000414
11422200
1140300
3330
303030030
303000003
44400000
30011403
14101113
2221140
14101221
1440000
141330
222041100
312240000
300001113
33222000
31111140
114303000
1110414
113220111
3012213
222303000
111041100
344100000
303000303
311241000
30030033
31140003
2334000
12332100
411030000
144001110
14111211
114000
11433
122103111
122430
23310111
33011211
141300003
14101110
300414
112143000
224220
1232130
111112113
111012210
33301110
3044100
14103030
330303
30141
300141030
322211100
3030303
33000114
30011103
3301110
1410111
111030030
330003030
322200000
30030300
30112140
4421100
1123320
300003003
311222100
311102220
1410303
12210303
3000114
114112110
1110330
133203
111
411111300
4141110
122400003
11103300
111411
111030114
111114000
303
11323110
30004113
30001143
41101140
3011130
122102220
33000303
111300300
222300300
300012210
141011400
11411400
11144100
12210330
300001224
414300
303222
222111000
222
330111030
422100030
31121211
1143111
114330
2331111
300004113
31410003
1411113
111004410
11333100
14122200
122100300
123210
331110000
411111000
30422100
3300114
14130111
222003000
133200300
330002220
301221030
301111113
3000144
311133
4110300
411011130
311100030
300022203
33000411
3003411
332220000
311101113
311100114
14100000
3122400
122141100
3411
11430030
11402220
222111003
303111111
300011211
141001410
41111130
114111000
233100
23421
4113
311100303
300011214
141030030
14130000
222411000
2220033
111000141
22222200
33030030
3222030
3122103
11211303
222300
30311103
141030000
1114410
33003030
4140111
1124100
333011100
30001440
14211003
11430000
222311100
304110030
411000141
3300000
3111300
1413003
300422100
111003300
11130
2221221
30122130
14111400
11430111
44400
42210
14103003
112410300
11400300
300142110
300014400
30112113
141222000
141122100
1224030
11322300
123210000
300030033
411001110
3411300
331410
11111241
11100330
441111000
301140111
300004110
141111300
1410222
314103000
41103000
30014211
3322200
141300
322200
411002220
33030300
30001413
122400030
11400111
122101410
411300111
44100300
31132200
14112210
1440003
300011133
33014100
111301113
22311000
2220222
44100111
111030000
111013320
333111000
411300300
411041100
300014100
300002331
113220
311211000
31124100
222030111
1221141
330112110
41241000
114001140
22230030
23313000
43320000
114012210
112113111
302331
13320003
133211100
414000030
314100030
144111000
3000000
3002331
11222211
300003114
11114211
111300
11100033
112113
300011103
14400300
112111140
22200222
30300141
141030003
11211114
41130000
41111103
111011403
333030000
300030003
422103000
411000033
411111003
2220003
1122213
1221
302220030
30331110
31110003
3301410
11141103
412221000
301221000
330003
414003
11103003
41100411
31110033
3004113
14212110
14103000
111303003
11131410
301110033
30041130
31140111
30003222
31332000
122130003
1124130
341211000
330000
111441000
111111003
122103
300003030
411022200
30000414
111141000
111030
14100303
244200000
114003111
3014100
300003
112222110
112221000
30341100
11430300
141303
4143
111011103
311130000
31110111
4111110
11244000
3111003
111222111
1221222
311400000
300301110
33111003
31121400
30012213
3011400
12322110
411011100
114411000
3041103
14103300
3000333
13431
3114003
1141110
222000330
111001440
112110303
11104110
411001221
30330030
141111003
111300033
11411103
1114140
111000414
222000411
300411003
300030111
300114000
3331110
341103
123210030
112332000
1110000
411222
141114
12213
414030000
31121130
3123210
111330030
300411
234210000
12241110
1113330
114411
300141300
3014130
3000441
11411211
122133000
22203000
111122100
12211221
322200300
3114111
11403000
112421100
341100300
114303
1114113
411141000
33033000
144003000
314400
311103000
301221003
4121130
3022311
303000
333000111
22201410
111012213
11101221
300111300
30114111
1140030
111000222
1332
12221103
411003111
30031140
32331000
3001440
113220030
3301140
411411
22314
330141000
301113300
300004410
300001410
300111114
1221030
111111000
303001221
411300030
300141
1111440
11211033
330033000
411114000
311104110
11400033
30300
111031110
330111300
141031110
30012321
114301110
4132200
12210300
311100330
300111222
22201140
1122321
301110114
2223030
222001110
30222
222004110
222000300
333000030
330311100
411014100
3300222
311103
11101113
441000003
412110000
32220300
111301410
2231103
300314100
1413000
34110000
3033000
3142110
4110303
14322
122103000
233101110
330004110
312210300
34110003
31114110
3001221
330300030
30001140
11100300
222411
31413000
3012321
333111
12210111
22203003
300012321
300011322
303033
1143030
14400
143220000
222001140
311403000
311112210
30303030
31410000
30003003
411300003
301124100
300000300
30001410
11401410
3000
300031110
301232100
1121403
222114
111022200
330411
111033030
1221330
112122210
111011133
111111141
12221100
311114100
33004110
30014130
11403030
233400
3414000
41130
303303000
30122100
112413000
311400
11322
31110300
111030141
11103141
1110303
111223110
122430000
111300141
2224110
30300114
42240000
30022311
114002220
3111000
11212113
3300303
312240
41403
330030300
141001113
13321110
3041130
1224300
11112213
303011211
300030330
30030411
41104110
31232100
133200111
141000
122222100
314100111
300000222
30330300
4410300
42213
331111110
300111000
22341000
12210030
222000
1411221
34113
33111
112140030
31110
111000300
330001221
301410003
311130111
3031110
3112140
303000000
303114000
14211111
11104410
111111
222222000
41400000
3141003
114000141
41100
2221113
12210003
133200000
303022200
3330300
4221300
11130411
1110030
30002220
333
112413
11211330
112440
444000000
441000300
301410000
11411130
14211
442110000
33012210
3000411
332220
1111143
312213
1110441
223110300
300044100
301140000
301110303
31113111
114041100
133311
112221003
11213220
300004140
4110033
122130111
12240111
114030
322203000
300001140
14100141
11101140
1121211
301113000
30044100
30333
11122230
303003003
300003033
301113003
23310300
303411000
3300330
1143000
111341100
141111
1124103
122101110
12321111
1132311
423210000
144000000
42210300
14241
111014103
300003000
111030003
112110411
1143
223110003
30004410
122133
133200
303000300
303112110
301140300
311211300
33003111
300111111
14111130
12210033
111112110
300000033
302331000
30301410
11111211
2332110
11401221
14103
114222000
111311100
111044100
300300114
301140030
422101110
141114000
141000330
144
1232211
222000003
441000030
330000222
300003141
14100033
4413
14131110
4140
1121133
1111224
1413030
11103411
30300111
14430000
3312210
114003000
3000300
311133000
41411100
30000441
142110003
12321003
311111400
141001221
4140003
4113300
3002220
111003330
11101440
22311003
300300141
300000330
30300411
14411100
11133300
11222100
122130000
32220
113223
412110300
30330000
31221000
3114000
114000114
111300303
144000
223140000
11100030
122122200
41222100
42240
11111133
1110003
300300111
44103
112110330
11100000
30441
122111400
304110300
30011214
114141000
3141000
111312210
341101110
30004140
122214000
111011400
1222221
11400030
311111103
41403000
30003141
3042210
3112221
311400003
33001110
30041400
303303
111141111
330330
1421130
30414
330030030
441003000
330000330
300312210
14100330
3033
300303030
30031221
4221003
111004110
1221411
300300411
300113220
3000033
111311400
222003300
30303
11241000
112110222
330111003
300300033
31421100
114300300
114111030
22322100
134310
301121400
31111113
3001113
14130
24420000
112224000
22233
300300303
30030003
31112220
3111030
11141130
122111100
1112220
122211
330022200
14100300
111114300
222330
2220300
41211030
30000114
111301221
223113000
111122400
12221211
330001113
114000222
301143
122130030
114111
222111111
300330111
114000300
111300330
11222130
22341
411330000
33030003
33011100
22230111
1232400
300041100
32220003
3111114
11104113
4111221
111411300
111322200
304121100
303122100
312213000
301110111
30022203
11223210
14100111
304110
141222
22203030
111041130
112113030
1114110
31110303
141011130
3032220
4113030
3001413
4332
11322003
23310
22422
330031110
331110030
330111111
330030
11112240
223121100
30114300
4111113
1410030
11103111
414
41100030
111003141
11211111
300303000
300114030
33001113
30031110
30004221
304113000
114003030
4111140
223110111
122322000
41100141
4440000
3222003
3022200
222000141
111123210
301113030
30111030
41112210
4110222
1111413
3004221
111000330
11101224
114
112110000
222003003
1332000
303000141
300031140
300014103
301224000
31413
4110411
11133111
12240003
300011400
33003000
41100033
31221003
3030330
14430
301111110
41130003
3011214
122131110
2221110
14102220
30314100
3330111
1110222
111222000
300411300
3122130
300333
11211030
1111113
301110000
33330
13320
30030000
111141003
142113
1114221
11103
111412110
233100030
122111103
412110030
30012240
3300300
14400003
3033300
1333110
1221303
1110300
1110144
3122211
441000
111314100
12240300
114141
144111
303030003
31111410
30112410
42210003
344100
111014400
111004113
122211111
311101221
34121100
30011241
141111000
14100003
12211110
141000300
41211003
1410114
3311100
114030030
414030
300412110
300012240
300011241
30011211
3000003
300004221
30333000
30302220
30041211
141001110
142121100
111411003
22200114
330003000
300033111
33000222
30330003
30412110
223110
114000030
22314000
303111300
303000033
300032220
312221100
300022200
422100003
42321000
411
311101140
300112113
30122400
3412110
222003111
41101221
111300222
142140
411000114
301221111
41133000
30030303
141003000
2223003
222000111
11100111
133200003
333300000
3112410
112410003
22230000
31332
11214
300330000
300303300
30114030
14214
112114110
1113
12232200
314400000
300011130
33300111
1111410
112410
301111140
300330
112110003
303012210
141311100
122100000
300222000
30222030
122100033
303311100
414003000
303111030
303011100
300303111
22211103
122100222
23321100
22200
30233100
3033003
412113
111033
123210003
330000000
3111111
11132220
122101140
142110000
3041400
11414100
1112331
300300030
300122100
41211300
11403003
2220330
301111410
300022311
30111033
22311300
11122203
1421211
23313
304410000
300114111
41400111
14322000
1410330
1113114
2223
222011100
311100222
300122211
3411003
14211300
111300030
1410411
111000033
12221130
330000411
304110111
300011403
300000141
3004410
111003033
222003030
122100111
44211000
30301110
14101410
114011130
12240030
304113
11100441
1121130
330411000
330000033
30441000
114033000
111331110
113231100
222222
30300030
114022200
13323000
1113222
303114
322230
1113411
341100030
300033000
411000300
301110411
42211110
330
222001221
333000000
300000303
30113220
442110
112110300
111133200
311130300
31440000
31410111
222300000
111033003
30033
41133
233130
330000300
34110111
31141110
114330000
114311100
223140
1440111
411000
141411
341400000
303300111
300041103
411011400
41103111
11241030
244200
233100000
303330000
30032220
1443000
44130
222000303
12243000
30114
112113003
2231400
22200141
22422000
300001440
301122210
2223000
122111211
113331000
13320300
11100411
333000300
44100003
111032220
22231110
1224003
4222110
31113
22311030
301410111
300031410
31111221
114030003
3022230
303003030
30013320
14114100
11114130
311131110
300233100
141000222
3014211
122130300
41101113
41100111
1223220
330030000
303300000
300322200
411111030
141001140
122104110
1124211
11100333
300122130
30223110
303411
1410300
1124400
3003222
22200033
303300003
30141003
303003
11211141
330300111
11103114
112110141
33141
111034110
302220300
302220000
3011430
3000111
1421103
141411000
3003111
233111100
112124100
223110030
1121214
14130003
114111300
222300111
1110033
30141000
3030111
14211000
303111
111033000
223110000
422400000
142410000
141301110
311130
41430
300030303
111301110
122111130
22200111
11130141
11242110
3114
11400
30001113
30123210
3422100
333003000
341100003
411030300
311103030
142110030
41214
11103033
123210300
33002220
3222000
1411140
111031221
111112221
412221
1243200
112332
300114300
3303111
14214000
1432200
433200
11214030
4221
1121400
300300300
141111111
30222111
1414110
123240000
300441000
30000330
11103303
112221300
111114
114222
111000441
11111430
3311211
444000
331110
11400114
111114003
123213
302221110
3411030
411000303
141300111
4110000
12211140
123221100
300030114
30003033
141011100
111141
223221000
41111100
1222410
303004110
303000030
300330030
300001332
30033111
2231100
441011100
300030411
301222110
31111110
1140
122100411
223410
300222111
143220
24420
411003003
3030114
4232100
13320111
1221003
411001113
301132200
333000
111001143
112121130
233100003
111222003
222122100
30002223
3300141
3030000
111003222
22200030
3330000
14403000
1410000
300111033
30014400
44211
2220111
300030000
41103003
2222220
300144000
41430000
30300330
34110
11322000
2232210
233211
422100000
30000111
1440030
300441
1140033
111000114
41130030
144300
111003411
3030
22203111
300300000
300003222
4332000
41214000
14211030
122241
411003
33114
1111140
34221000
30030222
30014100
31110411
32231100
122100330
112221
341103000
312210000
311100111
30001221
1113000
330030003
342210000
300000441
31222110
330011400
22233000
11403
12240
13331100
314130000
300300
312210
30330
111333
141033
1110141
12213000
11100144
12210222
301410030
33114000
222330000
30030
11142210
111001413
2331000
311100033
3000030
11244
301121100
41102220
422103
122103003
22204110
1110333
1443
30141300
30222003
3411000
111311103
111003030
111333000
11241
1132203
412140000
33000111
30311130
30111303
14400111
222012210
11111322
4110030
222014100
122114100
303002220
422100300
41130300
41122200
3003033
122214
4440
331410000
33011130
30411030
11400303
23340000
30303300
114300030
3114300
3001110
11211000
1140222
22203300
22230
414011100
41141100
4410111
3031140
11130000
222030300
111042210
11212410
300330003
30003030
142110300
3041211
342210
111000003
411003300
41100303
114300003
4224000
301440
414000003
111311211
1113030
11214003
111012240
3133200
314100
330000303
441000111
301411110
3341100
14141100
111111033
330011103
33001221
30033030
30112221
341130
142113000
30111141
30011100
1142220
1143300
12213030
304140000
303003000
3311130
114111003
11400222
122211030
311130030
300112221
142111110
3011403
3012210
300330300
300033030
411011103
301332
133203000
30411003
42210111
423210
13323
141014100
22230003
414000
300030
34221
330003111
33030111
30141111
3030300
3001332
111011214
233103
144000111
3011241
11141400
300
11222400
222112110
122211000
222111
334110000
30300300
111330111
304140
1113141
122322
30142110
41103030
12324000
111002223
11212221
