10330000
3001012
13210000
3101011
1111120
10200100
10300012
310000003
4001200
101001301
110001202
10010203
120003010
1030012
1002130
100240
120030010
100011103
4012000
100003012
11002030
13010011
200000020
102000112
22003
100020202
1010311
220000003
42010000
203010010
2004010
20203
1010203
31200100
30220000
123100000
30200011
2140000
311000200
100114000
200011111
31011100
121000111
100101202
110010004
200002003
30010003
10000003
301002010
1310110
100010302
1020112
1101001
312010000
30110110
200103010
100303
101100121
1004200
110200210
103300000
33000100
102000103
121102
12002101
102301
200310100
10011112
301201000
122000002
110030020
130010110
210020011
1132
301010020
10130101
112100110
200130001
10211200
100102021
2100400
100220002
110212000
102003100
100100041
20221
10011010
400200100
102010111
10100320
12210100
12013
32100010
13011010
1102012
310010020
302101
200032
1401100
104011
10102
40110010
11013010
130020100
2001022
10000210
101012200
101101102
213010
12000103
20102020
2030011
1030030
100330
101010202
1102120
411001000
202020010
2020
113000110
100042
1000114
201112
120211
22020100
30210010
221000011
1000330
200120101
110101
10020202
301010110
200400010
100100203
111200101
20230
113002
20002102
300101110
110210101
10010101
30000001
220100020
200101012
111004000
311000002
111011002
101121001
10210210
22021
121000030
211120000
200013100
110401000
2300011
320200000
130210000
30300100
210101101
112100011
1012210
201211
33010
113011000
13010200
22110100
230010001
220201
110013001
122020000
121010200
140100001
200100400
202
22011001
21001102
10002103
120130000
21201001
1020004
11010121
220110010
20000011
311100100
401100010
101020003
202010011
100201000
100002400
11100202
31001101
400021000
1202002
10010032
13100101
11032000
141010
100002010
100011202
110100100
10211002
2002300
102002101
30103
110000311
220200100
121110100
30110002
110101111
3011200
10001311
131000110
302000020
31100110
101003020
311011
1012120
20102002
310011100
300000004
3301000
13102
11110201
203200000
200111020
10003000
12111100
230001100
104000101
4110100
311020
1110220
112
32002000
301010002
210110002
2020030
101400001
101130001
11120011
21121
104110000
22010011
10001104
101104
101110111
110121100
10112200
12300010
300112000
24100
4201
22100101
400012
120100210
211100002
112011100
30200002
31210000
320010001
201040
202120
2120020
300002110
2400010
12001030
3001102
1132000
120040
300011101
100410001
10000
100013020
22102000
11112100
201100210
11012110
210000040
121001101
41000020
2000041
100041010
11110
101012020
10132
110101201
100001410
10300102
120010102
102020101
100110100
301021
300010012
110120020
100102201
310000102
110200012
10312
200110030
210000310
31100020
110010103
3000103
100222
131002
301300000
21020101
1121101
24010000
400102000
131010100
2301010
201002200
101000401
101212000
4300
111001210
200200003
1100110
3002011
102000211
200101102
100010221
12200200
210301000
12100300
100011004
1001002
1000120
200030101
201200020
100024000
112110010
10202011
102004
120000040
100001230
30100210
1200121
200010010
202101010
10400002
41011
13001002
10220200
401001100
20041000
210110011
2111020
101112100
300201001
111210001
40200010
200001121
112001002
210011200
121010002
4101100
22000
10123
1042
1
202000003
10200301
10220101
31110001
3012100
21200002
10031002
1200022
2121001
1101031
21400000
1330000
112102000
4110001
1240
12020011
10020400
102100201
201100300
2001112
103111
421
22200001
23010010
300100030
4000120
120120010
112300000
20301100
201000121
212101000
401010001
30012010
202110001
3011011
140020
100110013
20110201
130300000
2102011
110010301
102100120
10040110
100130011
10201000
22000021
210101200
100104001
1102000
1121200
10010410
1001230
200001013
30001201
202001101
101400010
101120200
10130020
200001001
12200002
130001200
2301001
102012010
330010
111200110
110102020
110211010
11310001
320110000
110200300
120110101
4010110
11300011
211002010
1301002
300110002
102200200
1003003
101003110
101001211
412000
21000022
30010000
30301000
111000211
1120201
1023010
200020003
201200110
3000211
100101013
420100
1013002
232
30100102
400010200
10210012
10003021
200111002
210021100
2000023
1000003
212010001
20120110
10011031
400002001
101021011
12020200
22000000
201202000
310210
1024000
12011011
110104000
131200000
30010210
201300100
103020001
1130011
11110021
311001100
100121110
201130
1320100
21000130
103101100
30030010
14001100
2102110
100301002
104110
113110000
220011100
110030011
210000301
101100211
12000220
10021102
320002000
131000101
303010
100200220
11110102
1203001
213000001
300000202
300001210
14010100
100101031
313000000
2200
11014000
11201020
210000400
22210000
30310
11020003
21100210
1001200
42001
400210000
2201002
20020003
130001002
31010020
100101130
101100022
10101220
21030100
201110200
1000210
100004110
20110000
3000004
1210000
1000
211000201
12010120
320000200
4100110
2220001
200000230
11121100
1003300
10400020
100213
20300011
101000122
12310
11041
12010000
130010101
1300003
101211100
101022100
12200101
400000111
120003100
21103000
30101002
20001121
120001021
3002200
301001020
13000000
11102101
20040010
120100102
100020310
20100013
110202001
30020011
3010300
2000212
400300
201310
200012020
101100112
101020102
103100002
3021001
111020002
1104001
230100100
2002210
230020
200011021
121201
31002010
20210020
10200022
101101000
12100012
1400002
100042000
11000104
12201010
21000220
1230001
2020201
200020030
110012011
30010102
1000000
104011000
101001220
100011001
220030000
100402000
100102120
101020210
1002400
3300100
114010000
12220000
321000010
10004101
3030001
21130000
200100040
300100012
10411
111001003
100111021
12001201
200302000
10320100
331000
100111
21201100
211021
11200021
101110003
200112010
121030000
31012000
420001
300000103
130201000
210201010
100302010
32101
21001120
20301001
1300210
32101000
3020020
100103002
10013200
11010031
1201120
110010040
300003001
1310011
30100012
10001320
10101004
210120100
101011120
10213000
120110110
210310000
20021200
100040011
22300
10101013
2013010
24100000
112010110
10401001
10010041
2130001
120202
110021020
110100121
111120100
21103
10103101
102120010
10321000
10000120
1023001
202300000
111110011
211200001
100031002
410001001
12010201
210031
102102001
111100300
100001113
3021010
2000410
20140
1103020
1023100
1110100
100300000
3100102
103100110
311002
213001
10111030
110301010
10030003
30001000
10200202
20001022
102022
300211000
100000300
221000020
110031100
2104000
201000400
100110400
11120110
220000030
20200102
21000031
110003101
110000410
102300001
2200111
300102001
100110103
101220100
20020030
10020004
1030102
120112
13010002
110100013
12101020
110010121
302000011
100121101
10200220
10140001
110112001
320011000
200410000
110032000
200104
122011
31000102
302000110
410100010
23020000
20000101
202100101
201011002
100130101
111020011
220000111
11401
21001111
10001131
100003102
30211000
4000030
210100
102310
2120002
10201120
110022001
231001000
200110111
30000100
100110010
10410010
11021002
200010103
23011000
101401000
30022
200010031
111012100
111121
131000002
30011200
2003110
201101101
100200100
124
22101010
101101201
220003000
10001002
10301011
201102100
110200
23100010
121002001
1012021
113020000
121010020
20001112
201020002
300100201
2011012
401000110
123000010
120001012
100100131
20201101
2110210
210202
120010
140010100
20400001
10200121
211101100
240001000
140000101
3020101
201101020
100202200
1310101
100021030
203001010
122020
10101031
100010032
200140000
300002002
110230000
2032000
121300
13
200030002
102102100
100212001
10002031
40100200
210001300
1111102
101101
200002120
140001010
110000140
4210
1100410
10101112
200301010
100100410
11301100
100111012
3031000
111031
230011000
111021100
100010020
112010101
10031011
200200111
20011000
104200000
100401010
21102100
4020010
100231
30111100
110002000
202110010
201010210
2210020
12003001
110300020
210011110
201030001
201000202
400100110
102000031
2110030
100101100
111000310
20021002
10020112
200003002
102100300
3201100
100131100
100103200
1112101
34
1002001
210100300
101203000
1400110
10021120
300030001
10202110
130021
201001
100003210
200000122
113101000
120011101
2031010
101002120
3121
100112002
300110200
1000420
100321
2210200
141001000
210000103
34000
10200112
220021
210001
14110000
4000300
103000210
10130200
12020020
110021101
30000103
130100110
11200003
10002211
300200020
132000010
130001011
101020000
3000130
100200040
12011002
10220020
300101011
10020100
11320000
14020
11000302
1302100
1200220
101300101
20001310
101311000
3011110
22002010
20102101
203020000
1021021
1012012
204001
110012002
300000211
132010000
110131000
102110200
21210100
310012
110004001
211000111
210000100
20112010
10010011
30200110
11302000
33001
111030010
113001001
1012201
20002210
111211000
20013100
3110101
1001221
110104
40010101
101020012
100300300
201002110
200121001
130001110
100111300
201111010
2032
10102003
1103011
300003100
1003111
2200021
20310100
3013000
101040100
10003210
1004020
402001
12010012
103003000
100411000
201121000
40000000
130200001
2023000
102030100
10102300
301001110
102010012
120201001
1000042
12000301
11220001
2200012
2021020
20000410
113002000
1310200
200041
10210030
20012101
203011000
12211
21022
202000
1102300
220
11000212
10014010
120013
100310101
21000103
1203010
12100102
100120003
202011100
200001010
1300111
12400
100001041
40012000
10022110
410000002
11200210
203001001
14000101
300001000
141000100
1040101
11211010
1111012
400002100
40030000
30020020
220010011
110122000
102110011
111112
42001000
200000002
20000212
103020100
210111010
10003
12120001
12201001
203100100
3020011
100100122
102301000
30021010
201001111
2001100
100202011
100000420
111310
10102012
300001201
11140000
30111010
20212000
200200120
10033
111120010
20300200
21021100
21010111
200220001
11100130
11200201
311000101
30120100
211300
4030
112111000
100111210
100001104
101023
212002
103120
112201000
2003101
1011010
10013011
110101000
202100200
2110000
140011
10103002
110012101
210001102
30000022
30013
111000130
1110130
210002200
20200003
201000022
100020004
100002211
201220000
1301110
311110
100000321
101010121
1122010
13110001
300020101
112000300
102001120
100321000
100310011
100201300
101102020
110201200
310100101
102020200
1030003
102101002
2011210
100202002
10402000
11030200
410010100
10020001
11121010
204000100
11130001
310101100
14100100
4101010
130030
10011202
31120000
120200011
41000002
204000010
2021110
200120002
101110
31300
300030100
22001200
1130002
21101002
100012300
130110100
20030011
141000001
101020111
11020000
10102030
20200210
300040000
4000201
20010310
230100001
120110011
11101030
100001014
10221100
10021030
303000001
20030101
310000210
10011400
100200001
100032001
1121011
12000022
300013000
110001301
102011110
3110011
11020
10100113
103210
12000130
1004002
113000200
120001201
20020210
2100022
2010010
30020110
102120100
320011
11110120
130000000
200003101
40300000
20011201
1104010
112010200
110041
20202010
400111000
110020120
201020011
1000222
1103200
13002010
22001020
121100011
210100030
41200000
1300300
102010030
103000201
2101111
10120111
301111000
110102011
4102
30000220
13012
131110000
201001000
100003120
20100103
33010000
1020022
101112001
23000200
3004000
100100014
100022002
124000
30112
140011000
200020000
101110030
220100110
210010000
302100100
300211
100201201
220001110
110002
2200120
2010301
210100021
200300002
400002010
112000003
120030001
30000310
110000401
201002101
214000000
100320100
10201111
31001002
10120102
100120300
30310000
120010003
100300
100140001
101110012
10110130
11211001
300300001
21010102
202010020
201020110
2000221
11104
22101100
10030210
2110102
200000110
111100012
401011
301110010
2020003
100300201
40300
111220
142
1220101
410100100
1010113
310002010
10001410
100210111
101210011
20201011
103000300
210220000
30011110
13101010
320002
100100311
12301000
1020013
300400000
100200022
1013110
102210001
11110210
20012200
200000221
31011010
2230000
14020000
100100320
100040200
100032100
211210000
10111201
202000021
1011130
200020021
101130010
231000001
300000220
131000011
111000040
123010
40021000
12020110
12001012
200203000
1011202
20100400
131000020
310110010
201021010
13101100
100221100
32010010
21101200
211300000
110021011
21000112
210011011
2101300
102101020
100101400
300001
140200
10111
120111001
12003010
2022010
10103020
120200002
101030011
3000310
1240000
210103
100032010
11020030
202000300
11110012
42000100
102102010
11200000
112210
11000320
1201030
21200011
10101100
210020200
20002021
1020031
10301020
110100010
10200130
10020211
11121001
2021011
101000104
1112110
2310001
1200031
1020010
103011100
100102000
40003
12001111
10012012
102031
213000100
311020000
400010011
123001000
20110300
102022000
2022100
11040010
401110000
10041001
3000220
100121200
3022
112011001
21031
21111100
122011000
20030200
120000010
23002
212101
12030001
21003100
300301000
120000112
101112010
31003
14110
100000213
10100041
1200310
30010030
120002011
110001010
111301000
111102010
1114
40010110
241000000
200122000
110020003
20001400
120000013
100310200
11300110
411000001
2010001
310111000
300011110
22300000
310001002
1111000
100320010
11120020
10013002
410000200
100021102
100120120
130000
121010011
100022011
100010101
2221
1102
30012001
111310000
3010
101012101
21200101
1401001
131100001
20001211
12130000
100310020
100301020
111030100
11032
221002
21101110
101301010
200113
100020130
20310010
20210101
301012000
2010130
3102010
1033
10200031
1131001
110000104
200101300
10000141
210000121
101131000
101000311
100310002
12000211
310000030
103012
200121010
311200
20200
22000120
10001212
100312000
103201000
100220020
141100
200100022
100211011
1130110
10020022
400001020
11010022
120000103
211102
12202
21010201
10221010
10010401
300100111
230000101
200003011
200001310
100000033
140000020
210200200
121100101
230010100
102001201
100021003
111111010
140001100
20031010
102000400
100300120
110120200
120102001
310102000
1030201
10400101
120001000
202000210
102000202
102101011
1041010
21300010
110010013
30022000
102100021
310021000
20121100
11230
201022
110300101
130120000
102013000
202020100
201000004
10400110
200021002
100002013
201120100
10001014
20003110
102200002
101110210
10101400
100012012
12000202
11010004
110200000
101300002
230110
21120001
10121011
1200004
1311001
210000211
30011101
102211000
101002300
1000303
301011001
101001112
2001010
340000000
200010022
1103002
31020001
4002001
3012001
100204
32110
13000003
200021011
1030
10210000
211011100
20002030
14000020
2010103
111200002
1021030
2211001
111012001
30020200
110011003
31101010
102111010
100013200
111020101
312001000
32200000
300210001
111011011
110301001
200030011
200011
40111
100013011
111011020
20210011
320100001
13030000
120021010
220002001
101111200
132100
100014001
110100040
301021000
11100121
10101040
11000011
20004001
301020100
40001110
102000004
200310010
21010021
1200400
410020000
301003
100110130
10401010
112110001
10112002
11200120
20030002
10011211
110410
40001101
21012001
110111011
101002030
201012100
11030011
100002112
31
20010031
220020010
13011100
101010211
303001
100021000
10110103
20021020
112001020
100301110
120000202
110110300
100102030
110211001
22002100
10001020
210202000
30000004
110120101
100221001
20101012
21010300
102001102
200010121
111002101
110000002
100200013
1330
110100031
1010122
1000111
200100211
1000123
102101110
310000300
400001110
302000002
122000200
11212000
101100301
220000300
21110002
112110100
200010040
10100212
1022110
22000201
320020000
301201
101010301
10202020
10030021
30130000
101111101
3001
12110200
2210101
130100020
120112000
210011020
3400000
201210100
111002002
10113100
12100021
220001020
203110
10130002
111003010
1103101
11100040
1110001
10001230
222000001
222010
10200310
1032001
100110031
20110030
301001101
10100032
100101001
40011001
23100100
21004
220000210
21021001
210103000
30002011
101113
10131010
1010200
20013010
10114000
100210030
12101011
122000011
100420000
20220100
2012110
121120
214
2011003
110020
10100101
10310002
10200040
120001
300110011
102100111
201031000
2000011
101400100
200022010
11001310
20200111
11010400
31102000
400110100
120400000
211020100
200210101
13010110
130000300
30013000
110000023
13111
40102
100010011
100000210
10201210
210300001
2400001
2100031
10120210
421000
100011220
10320010
110022010
110010112
200022100
300011200
300111001
104100001
111120001
1201000
20130100
10032001
300200101
11010301
1103110
410110
32110000
10030000
102012100
300031
10303
11104000
11111002
200002210
12100210
20100121
302002000
200111200
200010130
3010210
200040010
100023010
100002301
310000111
100011040
200010001
100001011
10101310
21200110
212011
40200100
120201010
22011100
120011020
100400101
110203
10101121
40002010
20121001
121300000
1110010
10203010
20001001
1200103
203100010
212002000
30000130
11002201
201110002
300010030
102202000
301001011
300010
3400
20002201
10001032
204100000
220000120
111010111
100120111
200023
121030
201120001
1100203
300000400
10040011
30100000
210010030
13100011
11130100
210100201
21301
10000024
200201110
10000312
2101012
1100113
212011000
103111000
100002220
210101002
200103001
400120000
300031000
301101001
2001220
21301000
21001201
100132
1120021
200200300
101001031
3010111
113100100
1111111
2001121
300100
100113010
22100011
20000311
110001022
101001004
10310101
10002121
20110012
2100121
202102
10200001
41001100
220300
200320
101201011
101020201
31001011
10012201
301100020
11030020
20210110
210020002
110000041
103120000
100100302
10310011
220120
10030030
102000010
2101000
302002
11113
1201201
120301000
221000110
101014000
100102012
101212
200401000
41100010
1021111
20100031
11040001
10011013
302020000
40210
1101400
1021
20120002
31000030
40010011
1110112
300001120
130000210
101001010
40000012
11031001
300021010
31000111
30002110
110011111
14011
1211101
3210001
200000320
101301100
302010010
12110011
20100022
11001022
303000100
302020
1010221
20131000
120101200
110110003
20000122
11212
2400100
130010011
100201120
1131010
2012011
112002001
200300110
103012000
102001030
1410001
100001020
300001300
2300002
301001002
1011103
14001010
111103
10100023
110200201
301200100
302011000
30200020
120201100
120101110
104000110
101000203
100210000
410101000
304
12200110
3010021
200001301
220011001
1110013
11100001
1220011
110000200
13003
21012010
113000020
310011010
101000140
1300
111000004
12001
120121000
400001002
10000303
131110
13120
400010020
30000202
121110001
4011100
100400110
230002
1130020
1012300
200110300
12102010
100113001
220020100
120010111
3010003
21000310
302200000
400011001
31100200
10001221
100111120
111101200
110201101
420010000
110003020
210002020
2203000
230200
200202100
111400
11201011
201130000
1004011
201101011
101210200
1211110
201012001
10102000
121
10001011
230110000
2010202
1100140
20113
10300300
221010010
210110101
1001410
100020100
100000312
111000010
221002000
20100211
2110201
12010021
212020
110031010
10112110
20012110
21300100
21001300
320000011
402000100
312100000
200002111
21211000
310003
20302
20010202
130000111
20203000
210020101
30002200
3101200
114100
20001202
100000303
12210010
10121101
10010221
10002301
112000120
101031001
20000110
201000301
101000041
310300
200002
31120
110100022
12002110
20002000
21120010
1003012
10031020
102040000
101002012
300010210
301100101
210011002
340000
1020130
10031101
2202010
1200013
330000100
211110100
111040000
21010030
2310100
201020200
20002
21011011
320000020
1001023
4021
101101210
111000022
12001120
1001104
220101001
101021110
102000121
100301101
103110100
220001011
110010400
2001310
100200310
101140
1100032
24001
200011300
400200010
100000030
220001002
4000111
200110210
100010104
42010
302001010
111022
11210101
31000201
21011101
2012101
11101300
300200200
13000111
30010300
104001010
3112000
100220011
1013101
401020000
31001200
110002102
12030100
200010220
111011200
101200201
101011111
111003001
100110001
200102200
313
1110031
2040001
112002010
201000130
10001140
120000121
310101001
3010201
10011040
20011012
2001004
30040000
120001120
31010110
101041000
114000010
11201110
23110
10004011
230001010
2101120
311010100
110110030
101030101
2000311
2011201
100200130
11200300
100030111
20120101
12101101
120100021
11002300
2113
122002
2040010
101001001
110101300
11023
10201003
22021000
10212001
300000112
122100010
110101120
201013000
2002120
200210110
21211
10030201
20010022
1300120
1210201
100030030
210310
10030111
221200
10100230
231010000
10200103
11021011
301030000
300010000
13300000
204000001
20110
331
111010201
1212100
401000011
32010100
310020100
120002002
110002111
2410
2102002
1003201
400001200
111010021
400003
11023000
101201002
10230100
11020120
220300000
1000300
100220200
1131100
11000131
11210011
2030002
110203000
11110030
201003001
312100
302011
201210010
101103010
201112000
101002
10020310
11010202
2021002
101002102
200110012
302100001
201000310
3001021
300130
100013002
12001000
20100202
20200300
1302001
102000001
12202000
10103110
310
200211100
403000
100100032
1010032
221101
220102000
1100020
21300001
3100021
1000012
201102010
30102100
103001020
12000400
2103001
130120
211010110
300001003
1120210
200041000
320110
100210201
100040002
112000
111013
111001120
20010301
201011101
211110010
102121000
2012200
4200100
21100030
1012000
21102001
11211100
201100012
110201020
21210001
10110301
1200040
1000204
2200003
110011201
2300020
22000012
2100112
400001101
101020120
1010002
110012200
40100011
111220000
100103011
111000013
30120010
20012002
100420
230020000
10210021
110010022
110210011
111002020
101032000
202000012
200100112
101211010
400120
300101101
4102000
102000310
1011400
200021101
10200010
300004000
110200030
100211101
1021300
101010013
320001010
100201102
101021020
131100010
100130200
11100004
101211001
2010031
1001014
101022001
3003100
200001211
40102000
204001000
101004010
101000410
231010
301120
101140000
10100104
11003002
4010002
10013101
110020210
111100111
11020111
31000012
11010040
21013000
101121100
200112100
110041000
111211
200031001
10020121
400001011
12210001
121011001
10102102
1230010
23010100
120000022
101004100
10104001
10110040
111110200
13001110
100020031
1101211
42000010
20010121
2200102
1031101
302000200
1000201
121000003
42100000
220200010
111010003
110011210
100140010
212010010
200300101
4
110200111
20111101
2010400
101001130
102100
20020021
211000000
210003010
111000100
10100221
1100122
40020001
2100103
130012000
120001003
11110000
21110011
103000102
111000121
301101010
101100103
100202101
2003002
211030
101131
21000202
120020200
200200102
10210120
130101010
211101001
20002012
300020200
201110110
101000023
4201000
200021020
100004002
11002000
11101021
400020001
20113000
4010200
4100101
300100102
10410001
100123
303010000
100020010
2140
11100310
2210110
11201101
23001001
14010010
10410100
2030020
211020010
101012002
10101103
121002100
120011002
300021100
130010020
100010203
11102011
11001121
10002004
10024
300210100
1032100
10021
101020021
10101010
3010030
4120000
301100110
301210000
200011102
12211000
430000
12021010
2130010
421000000
3110020
411100
100300012
100012120
101110021
11011000
210121
220100101
102011200
100400002
101100220
111100120
1101130
120011110
110002003
11110111
111100021
1101301
300000013
111110020
110011030
110110000
101011030
100210300
301030
20103100
213100000
104010010
201400
100012030
100010401
100010140
1010401
40010020
112000000
301011010
130102000
10033000
40100020
11000110
110021002
100014100
210200110
100000
211001020
20100040
1302010
110220010
301010200
3040
110111020
302010001
101001400
200410
211200010
212200
30130
401001010
10200004
140100010
10222000
13000012
220101010
2212000
200201011
1101103
20000113
110021110
111013000
10210003
11020201
202012
20030020
211111000
100111000
131001010
30031
20011
101103100
120130
301011100
22000102
310000201
110002120
10420000
100102003
111210100
10120120
21310000
100001320
100000042
102000130
131100100
101000002
10210300
10100002
12020101
1200010
130210
120200110
40111000
41101000
20000020
4100020
31111
22201000
20022010
203002000
100104010
200102011
100111102
3001111
2300101
111201010
101102002
11000410
111001201
110201110
3011020
10120000
20101210
1301200
110013010
110121001
33000001
110002030
10000111
1310020
410011
10132000
3031
101010022
300300100
2201200
102210010
200102020
1100311
20200201
1001101
100012210
102120001
102112
120301
201002011
210121000
10041100
210012100
112120000
201003100
202101001
32011
120103000
140001001
10000240
21001
110110201
203200
12130
40011010
10010014
21010012
212100010
310002001
2003200
101003200
101101111
210211
20041
4001020
101111110
201100030
10141000
20000041
102010000
200311
21310
11103010
100030000
121210
11021200
100003003
201110011
221020000
20320000
110001040
3310000
201000211
141100000
1010140
101010001
22001002
111202
110010130
30100
22100200
21003001
4101001
120022
20302000
3300010
3200101
21030001
22000210
100000000
30001003
30110101
1140100
311001001
10230001
300110110
202120000
120200101
3103000
103101001
2000101
240100
100003
311000020
40021
222001
1100221
10011220
1001122
3100111
20101030
3021100
100220101
140010010
300101200
32000110
210112000
11400010
13000
2120011
10021210
210100111
102004000
101001103
1110004
12021100
30112000
302110000
300103000
41100001
203000020
100400200
1100023
112101001
222010000
211100110
30002020
20003011
220001101
2000113
321100
200020
300010120
10011121
101004001
20311
101003002
111040
13003000
20300020
210004000
1123000
102220000
301200010
102030010
1210003
10021111
120100120
21011110
130002010
3101002
100002130
11003110
210200002
31010200
3011101
20100010
120000400
41101
10204
2020021
110200102
100401100
20011030
24001000
1300201
111010012
210300010
11000311
100120102
1031020
1002211
113000011
102201010
10301002
100003030
40000030
110000032
102002002
13102000
300121
210120010
410010001
400020010
10204000
123100
100122010
200311000
200102110
22000003
11221
111000103
2120200
102211
200200000
10001203
10101301
1201
122010100
10011100
2001400
110103010
12101200
20001031
110200120
221000002
22001110
3110110
100213000
2110012
401000200
220000102
2300110
101100004
10102120
1320001
122110000
4111000
11101000
201010021
41110000
101000131
103110001
2401
400011010
20100100
2103100
113010010
11001004
400000012
211012000
3100003
2110003
200012011
1110121
10030120
112001200
110030101
20111020
31010002
202021000
1014100
100400011
223
300011020
141010000
210002002
102000301
200100010
100014010
140110
10020010
201110101
210001210
20001013
211003
2011021
300000010
301110100
210022000
110000011
100100140
300012001
1120120
12000310
300001030
1003120
10220002
110000320
21010003
100411
201121
2002
201021001
1204
220011010
110010001
23200000
20300110
211010200
1022200
200040001
130
10000420
201310000
11200030
2014
40020100
12004000
20011021
2101003
2003020
2010112
121110010
111100
10201300
10100020
111021001
210100000
111103000
14200000
12022000
100300030
1020211
3100012
201110020
200012200
210001120
310011001
202010002
201000031
103011001
300011002
100010041
10001101
1020220
41000011
113000002
121120000
3220000
2001211
200120020
12100
1020202
201010003
1004101
101101300
3102100
100002202
21002101
21101101
11020012
101011300
1402000
100100023
100002031
110100211
1022020
231001
200032000
43000000
3000301
110100004
31200001
200004100
101111002
200220100
100040020
111101011
21000004
100111030
3010102
30111001
201101002
401200
100011013
1020310
130012
210001111
120031000
111200011
20320
122100100
100101022
101011012
2020012
300010201
1101004
32000101
2200300
11112010
10012000
1200301
32011000
210003100
111121000
110111101
3211000
103010002
1001110
11011102
23001010
12111010
10003120
10110010
4011001
1011001
11001112
112100200
201103
100201021
110110102
100012021
301001200
230011
11400001
141001
1121110
11100100
1010131
11210110
200000203
210112
100000201
10210
201202
30110011
103010020
102002110
10120300
200010013
11102002
400100011
410000020
210102010
20023
110311
101011021
230200000
100221010
21003010
20221000
202101100
111021010
110014
13110010
212000110
110111200
111111001
40012
110311000
112100101
21400
100010311
10240000
311101000
122000110
310001020
120000310
20001040
20000104
410002
111010
301101100
202100020
100203100
2212
1201003
10210111
1031200
21020200
210010111
30020002
210001012
110021200
2211100
200210200
200210011
41110
400020100
100001122
10000201
100013110
31001110
30200200
100211020
2320
10211110
12031000
13012000
321000100
10020103
20102110
102111100
102200011
12200020
121020010
20112100
130020010
21010000
101010040
1100104
2201101
11004001
400003000
301102000
11111110
201201010
101020030
104100010
2000014
120400
201400000
10011022
4200001
112000210
1123
130001101
10000030
30011002
110000113
20110111
103102000
30040
300001111
10112011
102021001
10001401
201000220
112010002
110101021
31021000
300130000
300000310
110040100
102000013
100100401
12012001
310030000
300120100
310020001
202200010
20010001
120210010
400100002
2000200
101102101
10010020
121001020
11200012
202100002
100011121
22200010
30021001
20110021
2102200
112000012
10042
111202000
10003030
120110200
2300200
100100104
111004
2013001
130000003
231000010
121101010
201000040
2210002
10101211
20010112
10001200
132000100
10000402
101031010
2013100
102010210
301111
43000
220000201
200002000
120010000
120001111
1311100
100000231
11002
330000001
20410000
110000302
100240000
300310
33100
100010023
200000212
100011211
3002101
100011310
12002020
401100001
200001400
310200100
102010300
2004100
12100030
4010020
2111101
130003000
1211020
40001020
10022101
4000021
112001011
1210
23101000
41000200
4010011
102110101
100004011
10110001
201031
410001010
100312
300001102
20401000
1210300
211120
401101
100004020
303001000
201100003
20011210
201200002
100103101
1102111
1010011
110020201
300200011
123000100
210020110
130000012
101002111
2000140
231100
100022101
200002030
110140
120100
40001011
211000102
100031110
41020000
101023000
202010101
112101010
102110110
210100210
230000110
121012
12201100
110003200
2000401
1321000
11030002
100001200
120103
2101102
110020000
20101000
110100400
20112001
103000003
120100300
121101100
100020112
13201
1101220
240001
300022000
111130
101110120
200001112
312000010
211011010
100211110
10122001
200000200
21011002
2000104
200111101
10111003
102112000
310102
11100400
110210110
20120020
201010300
20021101
20110120
100001110
40120000
10000033
3101020
204100
200100202
301012
330001000
1100230
11002120
402100
20101102
2101201
100010230
210300100
2401000
2000002
220030
21101020
100122100
20000131
200220010
111001000
101012011
31000120
230000020
220120000
10300003
10022011
200221000
200000032
30300010
102002200
2111200
210400
211210
2202001
300100300
113001100
2200030
3001210
3220
11004100
40
100110022
203000101
310021
201220
3103
114010
1111210
10120201
110000101
110211100
203100001
300400
1020301
110010220
321000001
110100310
111100102
1100401
20120011
200003110
123000001
11221000
101000011
220000
10213
400000000
212200000
20000140
201010102
40010200
20121010
1001041
122200000
221100100
102003001
201011011
1220002
13000021
403000000
320010100
114100000
40000003
220021000
30012100
20111002
100120201
130000030
110010010
1010110
200101120
1013020
1102003
12103
100
10302001
4001101
1111300
30010201
101013100
100041001
340
1011220
13101001
102100210
110000014
110022100
30011011
4000000
100231000
100020103
1010410
10113010
100011130
210022
32000002
10303000
3200200
200210020
1211011
12010210
10012300
200000113
120001210
1200211
110002012
310210000
103200001
200212
22111
40000120
30102001
240000010
100141000
310002100
210003001
10111111
200012101
100030012
140101
301000111
21002002
32001001
3210010
112021
310100002
2020000
100110211
410110000
1003
10102201
100111111
11410
11010112
2020210
130100011
3200002
320020
11122000
121111
100001002
11320
2102020
32000200
1200202
32001100
401110
220003
101210002
10010212
121001011
1203100
400101010
100102
212100100
22010101
3102001
200003200
11131
40110001
201301
102001021
121102000
121100002
211000
31002001
21001210
32001010
111100003
301010101
120300001
120003001
112100020
101100130
10211011
211000300
1001320
13001101
11003020
110110012
311100010
30300001
30002101
3001030
211001101
1102021
103201
301100002
200020300
310001101
102200101
1400011
101040001
10120012
20003002
20000230
21120100
10100302
1010041
11010310
202210000
31000300
320010010
203010001
101002210
11100103
201100111
3110200
11100031
11001040
10021201
300003010
111110110
201300010
200201002
100021300
30004
310101010
220010200
210000220
210130
100101040
202210
32100100
21002020
31030000
200111011
131011000
110014000
210000031
102011002
100101010
11002111
412000000
12001102
211000030
304000
100201111
200100121
113110
111010102
112011010
400000021
2121010
120020002
30021100
30000400
121000021
11002012
32000020
311010001
101030110
102001111
3000400
200011201
411010
21010
100112020
210100102
100110301
110101012
103021
100202020
21130
100110040
1210210
212000020
100031101
1032010
321001000
200100220
111000031
101200000
110120002
110100301
1402
100110112
1021000
10001302
1003021
11020300
110020012
14200
21021010
13002100
311101
3121000
100140100
100102102
12120100
24000100
21000040
10010302
4001110
213010000
101110102
110110
10300210
112002100
300111010
110000020
100022020
20401
10100410
110212
2002201
1002040
30000211
221110
10231000
1100011
20021011
10000321
1001401
1000312
410011000
211003000
120001030
20014000
30000013
20011003
103010101
101000014
311110000
30101011
10111210
300010003
101300200
201012010
11111020
111130000
30000040
20400010
10021000
20020111
101002000
220111
100004200
11101111
11001010
13020100
200021110
23000020
100002004
14002
100001212
11000113
13001020
1102201
200000023
200001100
110030200
22120000
103100200
241000
32200
11040100
101410000
10302010
20200021
1031011
20202100
120040000
13100110
101102011
12300001
10000231
120300010
300110020
3100
110011
41010010
100300003
3030010
301002100
3000022
1400200
1130101
10103200
10402
210002011
120100111
20030110
121020100
100200103
31021
111000301
31000003
12100003
102010201
300100021
110100220
12000100
3000202
310010011
201001210
1040011
112200010
20100001
110020300
210012010
301000210
10240
140000011
21110200
41001010
202001020
100021
20301010
40020010
12120010
211012
11022001
100010113
10002220
102031000
102220
10310200
112003000
21020011
300000022
30200101
210200101
30001030
20004010
2023
13020001
101200210
231100000
114000001
100203010
20001301
1201012
400000210
120111010
101300110
1000411
20032
111030001
210201001
131000200
20000221
20101
12111001
10203100
10004110
111110002
100031011
1112011
110302
12010300
130002100
200320000
130021000
120101101
102100000
3003001
200200
100311001
420001000
101320
1110301
1001020
111020020
2003011
11041000
10130110
110100202
10202101
10010230
110300011
311010010
1004110
100200202
200200012
101121010
211011001
10101022
221110000
110040001
3002020
203011
200302
100002103
201301000
101000020
101010130
200120200
320000002
140101000
201002020
2000110
1042000
1100320
241
21002200
203000200
10001023
30120001
13201000
411001
100010110
1113001
112001110
200212000
110110111
3300001
14000011
103000
1000213
240010
300220000
110010202
121003000
212001100
110300200
220010002
3200110
11031010
11100211
132100000
2020102
1012102
10110004
30000010
3030100
330001
1303
11102200
111002011
22010200
13000030
201211000
201200101
101030020
11001211
1230100
20020120
10000132
201103000
30210001
10020040
101202001
220012000
101111020
1040200
11003011
22100002
1033000
2012020
10111012
2002003
114000100
301000012
112101100
300013
200002102
104020
120010210
10021003
1000030
100110202
1312
122010001
110220001
210000022
210001003
301000021
100130110
112120
10041010
20012020
211001110
23000110
211200100
22102
40001002
1020121
200121100
111011110
210101011
401001001
100112011
1213
11011030
2102101
13111000
1102102
1011004
110221000
104020000
104100100
10330
23001100
10032100
102101101
400200001
400000120
302100010
40000
111022000
100001311
111010120
302101000
2100301
10100200
2120101
4002100
10400011
321001
1211200
11200111
210210001
111001021
21001030
112000102
110000122
220200001
210040000
201001120
100300210
30220
12040000
10112020
321010000
111100000
240010000
30011020
1011211
11300200
10141
2230
400100101
20211001
40011100
102030001
100100101
20201020
222100000
131101000
10110211
10020220
200031100
310010200
1002220
100040110
32020
100030210
112010011
10212010
200131000
10003201
312001
31011001
121021000
200230
30301
10103011
10110400
221020
20210200
200111110
1120012
10002100
20023000
221100010
20010130
104010100
10300
111101101
21004000
100022200
112000201
1000321
210111001
202000102
111200200
20011120
100000222
110020111
3011002
101111011
11311000
11001400
101010004
103000030
120120001
110013100
10011130
2041000
2000122
200120011
111001300
11010130
100311100
1000024
101021200
1011013
113010001
12103000
1140001
1011121
101122
4000012
100101310
201000103
111300001
11011210
102121
400100200
10130011
11201200
201100021
102103
10301200
10201021
220102
3010120
210031000
210101020
41002
100012102
10102111
1121020
1101010
10411000
1021012
13001011
320000101
120211000
31030
1111
110100112
110202010
130111000
130101100
100121011
203000002
3101110
3001201
100114
11000230
11012002
1200112
2021101
120011011
140000200
201001102
201100
30202
100010212
311000011
103110010
100230100
100002121
11002210
10102210
10012
120100000
301102
1220020
30001012
122110
101220010
10040002
120000004
201020101
201101200
313000
200101
142000000
104000020
2000203
100400020
23020
20022001
12102001
200011210
30000112
20010211
3001000
10120
11111011
1111201
20102011
11110003
1202011
122002000
201004000
11140
113200
1210021
110002021
303000010
400000102
220210000
40100002
41000101
101200003
1110211
330100000
20021110
102400000
201000100
133000
1410100
111000202
2100010
20211100
1022101
212000101
110320000
20011300
100121020
22100020
1001212
113001010
203101000
300012100
10000300
2002111
11203
111201001
22201
301003000
20010040
20000203
120102010
111001030
2211010
2010040
102012001
400300000
120022000
41002000
120000031
100031020
100012003
1210102
103102
20230000
200010310
412
121000012
110111110
200101021
20210002
10042000
20200000
200011120
101001121
320001100
310100020
10000330
1001113
101210101
200010202
30010
110201011
321100000
10030012
200001040
11100010
22110001
110031001
201040000
210010003
20010400
1221001
21001000
13000210
120220
210030010
110300110
2040100
4110010
11001100
101202100
2101021
121000000
1410010
3211
140000110
110130100
1040020
10100401
10014001
320101
121010110
2000131
100301200
100100110
100101220
1120111
11120101
220010110
1012003
21202
4111
110003011
201000001
300112
14101
1002112
200031010
2131000
223000
200001031
12040
122101
31111000
1201111
10000021
2010100
33100000
2410000
200100031
211001002
300001012
200301001
300103
110103001
1110310
101020
110201002
11000122
300110101
301110001
103210000
13300
100010200
10120030
10
10003003
1031110
201000112
201010030
30102010
101000302
2101030
200201101
104002
12110110
1000402
300000031
13100020
100300021
100111003
200400100
120010300
120310000
12100111
1210012
211201000
110200003
101100310
1010104
21012100
130102
100112110
10220011
230100010
112102
20220001
40100101
1000141
2111011
101011210
200130010
100210003
10201030
32010001
210210100
2101210
101200102
1301101
211002100
11010100
302200
10131100
21202000
2220100
110032
400000030
14000110
130111
100000102
11002102
102000022
200001220
4000003
101030002
21001021
1031002
111101110
1201300
12010003
11001013
10010311
400000300
200021200
120200200
133
10110121
101200012
103000111
120210100
210010120
2011030
330100
100010410
100000240
101401
310100110
4000210
101010010
1111030
100010014
40000021
210001000
100011100
201001012
310000
11310100
101110201
20010004
121021
300102100
110012020
202021
310001200
301300
10401100
211000120
11000200
10110310
4001002
210013000
1101202
1000240
110300002
102000040
213100
1120300
31012
100110220
1121002
221011000
200110102
200010004
11103100
23000011
211102000
104002000
11311
100011022
311200000
111111100
110001103
110010100
21001012
1002004
122001001
400010110
101000032
101011000
2122000
101310010
211020001
11011003
11022100
202001002
10002130
30004000
1041100
11300002
22001011
401100100
103001002
101001310
101120101
2020120
110001211
10301110
103020010
101001013
300022
111200020
20014
12000040
300121000
102100102
14000200
3000013
100202110
322
22020001
10004002
11020210
401000002
2110111
200140
11000401
10200013
20020102
400201
103101010
200002021
43
1100131
1411
40000300
102210100
202003000
300000130
22000030
221010001
102300100
21011020
12011101
10122010
300002011
11022010
41100100
10111300
101230000
3000031
100100200
112300
20020201
22030000
1300102
10000123
320100010
230001001
2200000
100020013
111003100
101102200
10010002
411000100
200010400
10110112
1002010
230000200
300102010
30103000
120020020
101320000
3120100
110400010
30100021
400100020
1212001
110011021
1020001
103010200
100120000
100012
20001130
110140000
201001300
111020110
100002310
100000132
12001300
10002013
221200000
1113010
101302
12010111
300004
220010101
110102110
103300
100201003
200020210
112030
2010310
310001110
20104000
210110200
202011010
2014000
300120001
2210011
222000010
1104100
100110310
12110002
103002010
1000231
120013000
3002110
2110300
1213000
24000010
10311010
20110003
210000013
101010400
2221000
1401010
201201001
10003102
11021020
310010110
100024
110002201
1041001
21000001
21100102
1030120
30201100
210000112
3200020
4210000
2020111
1002202
110310001
402001000
103021000
102000100
30001
22010020
20102200
10110220
310000021
100203001
211000210
1101112
22100110
40002001
110010031
30001300
102020011
101120020
1231000
31201
1013200
1204000
21200020
410000101
30100201
110112010
11200
13021
300002101
100100113
100030201
100001302
113101
2100040
103100101
30030001
10100014
13010020
3010012
213000010
210110110
20011111
101000110
100201012
2104
11001220
10201201
20200030
13210
211000012
40010002
1012030
131001100
23000101
121011010
310030
1011310
10111102
2120110
100011400
10023100
1003210
101011
120000100
200100013
1013011
10121002
124000000
103002100
301000120
101012110
200310001
11230000
11301010
101201101
31110010
21100012
120110020
300210010
100003021
12000004
20100220
200030200
220001200
130001020
103100020
300100210
100002040
10040101
200030110
130002001
110001400
121201000
202002001
110020030
10000042
103000021
201100120
22110010
300020011
120001102
101200300
100121002
1110103
121200001
10004020
1002310
302010100
300030010
201001201
21112
11000041
10310110
10000012
12100201
331000000
121000102
11003200
20000302
3000100
303100
100200004
11200102
112000111
112010020
300011011
103000012
100000204
10013110
10021021
120101002
10420
10211101
10200400
2001301
10120021
201021100
3100300
2121100
100100230
21100
200001202
100000012
101022010
420000010
1200130
12031
22011010
110011000
2302000
21040
220000021
32020000
10300000
20100310
10300201
301100200
11020021
301020001
110000131
41011000
211021000
211010101
201000013
300301
11101003
240000001
20201002
20200120
2100130
1002013
221001001
11103001
102020110
100103020
100023100
200002012
101100001
310200001
40000111
20002300
1122100
31000021
12011020
200101111
1303000
2002030
10104010
110410000
30101110
2021200
401002
110320
110100001
40002100
10010122
300010102
212001001
121210000
3000010
101102110
100011031
110210020
110310010
312000001
300200110
200102101
1220200
4000102
120004
320000110
110012110
102001000
10010113
310010101
310012000
24010
101002201
120200020
102010102
101010100
10120003
131101
2201020
210013
10000114
31010101
30001021
1221010
1002301
220110001
110101030
14101000
200200210
24000001
110200021
300002200
100000330
200000041
41010001
110001001
203000011
20031100
110002300
31010011
120012010
102003010
3012010
111002200
30100300
11014
111112000
20010100
1300000
102100003
112100002
100030021
300111100
300002020
200211010
300010021
1010302
22001101
430000000
30121000
103010011
101101030
100302100
10300030
20000200
131010010
101200030
14100001
12100000
11004010
10030102
400110010
2012002
1101022
11012011
2301100
100212010
11031100
11000140
22012
210002101
200000401
210030100
20000014
110400001
10111120
10231
10024000
301000300
3001003
12010
40000210
10002310
110010211
120010201
201111100
10002022
2002021
11101102
300020020
121111000
22000111
20002003
30101200
201000010
100212100
401002000
11302
21100300
101000230
31102
1101310
1010014
11202001
400101100
210030001
301002001
100220110
110130010
4012
12011200
10010023
320101000
10311100
110111002
103200100
200201200
101100202
10110031
2103010
13000300
220100200
121100020
2011
110110120
11000014
12101002
12012010
122000020
1001311
10012030
200000302
30210100
103002001
200202010
100200121
20202001
120121
400030000
1021120
1100101
200000014
201030100
100100020
11210020
101101120
12300100
12001210
21100201
211000003
4001011
120300100
202003
121003
111210010
40000201
123001
11002021
200300020
100003111
210002110
3000121
102011011
11001130
300100003
221001100
310120000
110003110
21110101
100020022
10101001
120031
100030300
221000200
210200020
110001121
100000402
1101121
20101021
110040010
211100200
120100030
40101010
111110101
1120003
2101
2130100
20100130
400010002
30100030
301020010
200012002
104200
101203
12003100
110010310
200300011
3003010
200100310
1010320
2022001
101001022
120000130
310110001
3002002
11401000
102010
11113000
140002000
20311000
100200010
101120002
10140100
22120
31200010
200004010
41000110
31201000
100204000
1101040
10110100
12020002
200014000
100101112
100040101
111020200
100002100
1030000
23200
11010103
10031200
110000230
100030102
110120110
21102010
10011103
10030300
120101020
10022200
113100010
130300
202030
220101100
401000020
20101300
120010120
112111
11000020
304000000
400110001
204010
111102100
1014001
100120
100000003
101201110
101020300
4100011
200102002
301
20010013
41001001
210001201
2110120
110011102
1411000
101011201
100011112
100001023
100120210
12102100
30001120
11001001
100000021
21112000
40101100
104000200
4100002
1011100
200030020
130003
100131001
201102001
102400
11000002
13011001
100001140
3020002
1003030
300202
200020102
100000123
120001300
210001030
110011300
20001010
100102300
200100103
211
20110210
400201000
200101000
121012000
100201030
112012
110110210
2100100
1003102
101110300
200210002
11210002
103100011
100132000
1110202
1301011
320100100
100111201
131200
11101012
1020103
13002001
4020001
30201010
202000201
1221100
211001200
11100022
201001003
10111000
20104
111011101
20201200
10003012
10002112
21110020
12002002
12000013
1201210
202000120
210011101
3111100
100311010
104001001
20040100
310100200
131002000
320001001
202100110
200211001
411100000
202010110
104010001
200100100
100210102
30121
1021201
21010120
10001113
10023001
30100111
10031110
41010100
10000222
10210102
400000201
30101020
20000002
20010103
102001300
131001001
1002022
2110021
120111100
100000114
201003010
10400200
1310002
1012111
103
10230010
301000030
11001301
10012111
3201010
110103100
114001
21000013
200110003
100103110
100012111
13021000
3000001
210010300
31100002
30001102
200001022
111301
210100012
112020100
212000011
10012120
11013001
11000101
212000200
202200100
201011020
210120001
2131
110202100
11020102
230002000
3100210
3120010
111100210
10140010
320200
3200011
101000200
1420000
10002010
3100120
110020102
30003010
202300
2110
400
1120
10312000
130010002
100200400
100020220
1020400
210220
140200000
212100001
200100301
100100212
21002110
13000120
20012011
2010121
131020000
12022
101002003
11003101
3100201
100402
30030100
210010102
3111001
302110
100012201
11100301
1120102
213001000
103000120
101000113
21101011
10010320
401000101
301000102
11002003
10100203
11000221
21000301
20130001
10020301
232000000
10012021
100000141
312000100
100401001
142000
41020
40000102
31002100
211030000
120210001
2100004
121000120
2002000
102000220
400000
100030120
40120
100010002
2203
10000102
301000003
14001001
2000230
101021101
21011200
420010
120120100
311001010
210021010
30110020
3101101
100030
41200
20212
223000000
100101004
110023
310200010
30010120
102001210
403
101014
10011310
102201001
120220000
100130020
101013001
211000021
4020100
312010
200022001
101100040
113000101
2112010
1002121
200011030
130011010
10122100
4003
204010000
100021201
11012200
12000031
1201021
420100000
130200010
102021100
102010120
14011000
22030
110121010
22010002
222000100
400021
200023000
202012000
13100200
200103100
100200031
1024
2100310
301000000
110001310
1210030
101040010
1100302
20120200
110302000
301010011
40003000
20111200
120102100
11011
30010012
311002000
122101000
212001010
203101
100031200
200004001
111101020
311100001
200120110
101310001
13030
11120200
200112001
11011111
21001003
120020101
11010010
4010101
101000221
100021012
10040020
1000021
11110300
20003020
111010030
100410010
22210
220210
12004
30031000
1141000
100230010
11000023
1202101
103001110
201030010
101301001
130011100
14000002
200221
200010301
111000400
101032
110221
10110013
101001040
201004
1122001
20011102
102001003
112001101
102202
300000100
401011000
300020002
140110000
21013
101101012
410001100
113010100
2320000
1030300
10000204
10011001
200230000
300000001
202002100
200130100
1311010
10012102
1020040
200104000
1003000
2000032
10100131
10212100
210040
100210
110112100
30001111
102200110
103030000
1400020
12010030
10110202
310111
31000210
10010200
2010013
101113000
31210
111100201
13200010
10001122
110020021
23000002
220010020
10004200
121001200
20020000
300010111
211010011
100011010
203000110
410000110
200000140
201101110
22111000
130200100
110101003
3210100
310000000
2111110
310201
1010101
13010101
20220010
10302100
121001002
113100001
2200201
1002103
110001031
121000201
30020101
10012210
201002002
1202110
10121020
230010010
21040000
211010002
10104100
100000024
200003020
220100011
30110200
310120
11030110
1020100
1001203
102010021
401200000
101003011
3000040
101221
3130
1100002
21111010
4011010
200122
10100122
40001200
2002102
20001103
101120011
111000220
11011300
10003300
121100110
21121000
100310110
200200201
1040110
100001032
140010001
110011120
101101003
410020
200001004
120020011
200201020
12001021
31000000
30002002
130000021
130110010
100201210
100020211
40101001
10320001
212020000
10023010
31003000
22
20020012
1001011
130030000
101110000
130000120
103001101
214000
303100000
310110100
3301
11122
20100301
20010220
10112101
120310
100303000
2201110
101001100
101100013
21000121
330000010
220100002
111010300
102300010
1030111
2010211
100001401
1011112
402010000
2200210
132001
2310010
110001112
110131
21002011
21100120
20000320
30400000
1114000
1000033
30400
111001111
11000032
21010210
400011100
100201
10221001
401010010
2001103
300120010
100010320
420000100
110130001
10121110
112012000
11101201
101200120
200100004
301120000
220020001
102021010
101104000
22012000
302001100
121011100
300100120
111300100
100110004
21000400
20101120
21100021
322000000
11001031
100130002
20110102
121000210
2002012
3020110
112030000
200200030
200000311
100000111
130100101
130110001
3100030
201022000
202001011
202000111
100200112
12010102
10010110
100300102
230000011
121001110
10111021
2201011
240100000
2030200
110102101
100101301
1021102
2202100
120000220
120011200
100004101
201010012
12200011
21022000
110030110
211010020
14002000
111201100
200013010
1021003
12030010
10300021
110310100
121020001
22000300
210010201
410200
100021111
430
101010031
102013
111100030
12001003
12000001
1022002
22010110
21100003
2031100
302001001
2111002
11300101
402010
122200
200000101
10100110
13001200
30100120
1130200
101011102
100112200
100210210
100020400
20103001
1200100
130000102
40210000
300040
113011
21031000
400000003
202100011
201111001
1210111
110102200
20003200
201020020
103001200
100211002
300300010
121100200
110000212
40201
3310
121200100
1011040
130100200
12220
10013020
120100201
100003000
212010100
221000101
34000000
101201200
101100031
11202010
12301
12021001
31020100
121000300
210004
411010000
120002101
21110110
101200111
100102111
10200211
300010300
311000110
140000002
103011010
113020
1141
310300000
101300011
202020001
2011000
103030
100001203
1222
1110022
4300000
10002040
10011004
101002021
13200100
104101000
100100011
2311
101311
1300012
1002100
210020020
100410100
100020301
200110021
21020110
13120000
1211002
10001110
200011003
202111
104101
1110400
22020010
21000100
10220110
420000001
30201001
102020002
1001140
111001
31101001
2100211
220002010
400030
100141
1102030
30010021
2112001
210001021
20000401
301200001
2311000
3202
101100400
10321
121002010
240000100
140100100
141000010
2030110
10030
1112020
1100041
11011201
100001221
10010140
10110022
110001004
23010001
120000001
21220000
2011120
200400001
301210
101013010
101103001
221101000
1112002
100120030
101202010
112201
10300111
100033000
210000202
20122000
202201000
201200011
102010003
131011
200300200
110401
40100110
102201100
401020
100020040
111102001
11102110
1014010
310010002
10000213
1021210
30000121
210010210
1040002
10012003
20300002
200010100
11410000
210000130
110220100
300201010
201010
111031000
2220010
101010112
10113001
20032000
121010101
23011
20410
132010
201100201
20100004
410002000
300101002
310000120
220000012
3020200
101030200
102002011
201010201
402000010
140002
12110020
200014
110004010
3110002
232000
20131
100020121
110102002
112003
120002020
10020130
1201102
101201020
110001220
3001300
1140010
110100103
102001
112210000
212110000
101010103
3112
11210200
101100010
10011301
100041100
10020031
10131001
21100111
2000302
100022110
11021110
11100013
12012100
11012101
10014100
1300030
101010310
1100212
21000211
12000010
300012010
100102210
110100130
1100014
221011
10202002
1001302
200203
210200011
3010000
200131
1120030
1011022
222001000
200110000
201010000
104000011
200110
211101010
1010023
20100112
11010220
2010022
220012
23101
110400100
31020010
10201102
120202000
2011111
101000212
200200021
100021021
102130
300000301
401010100
300310000
100200301
100033
201210001
100002022
110122
330010000
31100011
111300010
212110
12011110
2001031
230000002
20003101
20000023
13110100
100320001
203002
410101
1100200
400010101
10210201
11112001
20211010
20101111
11300020
11102020
101220001
110001013
401101000
110000203
130011001
2000020
20001004
402000001
33001000
20101003
31100101
100101103
101100100
1111021
21020020
200101030
10032010
231000100
120002110
120101011
1312000
1110040
4002010
3201001
410000011
2100220
120030100
200020012
200010112
111002110
1231
11310010
101200021
310201000
203110000
200001103
200010211
111000112
10202200
410200000
300000121
203020
400210
300201100
100113100
14010001
102020020
311011000
132001000
30010111
400111
100000120
200101003
103001011
11202100
20400100
1200001
1030210
130100002
202200001
101010220
21030010
20310001
1210120
23002000
400012000
210130000
100003300
200000410
202102000
100200211
100010131
210400000
10040200
4200010
1002031
12002200
221001010
110001130
103010110
12101110
103003
200100001
101210110
211100011
300021001
301000
10002202
202001110
20001220
2011102
100101121
200002201
10003111
40110100
100112101
11000203
110210002
10201
101221000
130000201
201201100
3022000
2001130
11203000
2302
12000112
32000011
101001202
11010001
10000000
112000030
120012100
30000301
221100001
4030000
202002010
300100000
101410
12112000
400102
2112100
11010013
101122000
201010120
102110002
1111003
22101001
200020111
211201
100104100
200001130
20300101
220002100
120000211
30211
1120000
12121
200113000
20013001
130020001
30003001
201200200
102200020
13020010
110023000
22003000
20020300
102011101
322000
200202001
100211200
2041
100000411
13200001
11111101
210111100
102110020
20020
111010210
13000201
2100001
411000010
201010111
102310000
10203001
120100012
210101110
113200000
120000301
20022100
210102100
200401
12310000
10201012
300202000
2004001
2020300
200020201
11120002
200011012
12112
101101021
2100013
210000004
20000032
201001030
20130010
301100011
20002120
101302000
100011301
111400000
110101210
121200010
2001001
201001021
42100
100021210
22200100
11101210
200000104
3100000
3130000
100230001
100210120
211111
10101202
112020001
211100101
300101020
200012110
122001010
20010010
1320010
220000000
120004000
130101001
200020120
120020110
310000012
321010
10211020
21020002
10301101
10010131
10002001
122000101
11021101
310100011
2011300
20031001
110011012
100300111
3000112
210210010
20200012
30202000
410100001
112200100
1102210
11012020
211100020
4021000
100100221
400101001
4120
100002001
111101002
11010211
1001131
200110201
201300001
100012000
1321
102040
1101100
203010100
21100000
110230
21200200
122010010
110030002
203001100
300200002
201100000
201011110
201011200
10010104
1300021
202030000
1000132
104001100
101300020
102011020
10101130
1010020
210100003
23110000
30101101
2030101
2001013
201013
210102001
1001032
140020000
2000320
2001040
230101
1420
11011021
1000102
110110021
210000001
211001011
10021012
3013
200040100
200000011
211110001
101003101
1010230
112200001
1212010
100030003
12100120
10020013
310001011
111010000
3202000
202010200
301000201
101000101
101021002
310020010
112000021
112020010
110000221
102103000
202110100
102101200
121000
40200001
20103010
120100003
10002400
200100130
100021120
11101
13100002
101000320
21210010
2100202
132000001
3040000
11400100
100100002
1202200
11001202
133000000
11130010
10222
110101102
32100001
1022011
3111010
2113000
200101210
1400101
1113100
111001102
21000010
102100012
114001000
210201100
101310100
100123000
100020001
21201010
12000121
11301001
220111000
40030
100023001
10001041
11011012
3001120
20140000
20111011
4003000
4100200
300220
201120010
110120011
123010000
12110101
10100011
2010220
211002001
202111000
20201110
20004100
110001100
100003201
103000000
110004100
131010001
100013101
101130100
11111200
1101013
100330000
120002200
101041
111001012
10022020
302000101
202001200
11013100
112021000
10311001
202000030
20001100
102130000
101210020
122100001
1030021
200000131
202011001
11131000
101230
11220100
31110100
101120110
10100140
31001020
2031001
1011031
310003000
220201000
30001210
120110002
20111110
110000110
103200010
101011003
300000040
100131010
100302001
102001012
221010100
30100003
31101100
20040001
212000002
104000002
1222000
200101201
3004
11220010
200011000
220110100
30003100
10000411
210000010
40201000
110002210
11101120
122001100
20101201
1202020
2001202
23100001
20002111
10114
10102021
110113000
222100
32002
100001131
11001103
10310020
100301011
31300000
130010200
110113
1012
12121000
13000102
100222000
14100010
131020
210100120
11100112
10022002
30000031
120010030
120021100
102100030
410010010
11100220
11011120
100122001
300020110
402100000
102002020
100101211
20122
4000
100001101
111000001
202000000
12002011
10300120
2010004
1010212
200013001
100010122
100110121
10121200
110003002
300001021
110301100
102111001
21220
12013000
201100102
10100311
210211000
121101001
2122
11201002
3120001
210010
1112200
31000
101200
1220110
42000001
202201
200110120
210110020
21111001
200002300
10123000
10021300
130201
200301100
12400000
11030101
1011301
33000010
101031100
110210200
111012010
22002001
1301020
210301
230101000
